-0.696833	0.00317901
-0.740743	-0.390602
-0.714974	-0.41656
-0.733117	-0.409957
-0.821003	-0.127231
-0.548577	-0.251936
-0.651405	-0.488215
-0.532802	-0.194675
-0.6404	-0.168645
-0.806842	-0.320975
-0.899247	-0.236871
-0.782462	-0.217514
-0.864263	-0.153983
-0.807087	-0.288389
-0.615973	-0.0392745
-0.0519412	0.477306
-0.112138	0.774888
0.242002	0.531139
-0.184154	0.798717
-0.0921622	0.751491
-0.0943031	0.783481
-0.179962	0.872086
-0.183254	0.887459
-0.391727	0.879102
-0.35564	0.845837
-0.268485	0.8085
-0.419228	0.835224
-0.505574	0.874637
-0.546156	0.871867
-0.59726	0.804065
-0.650299	0.765914
-0.706302	0.777821
-0.723243	0.747952
-0.728822	0.751593
-0.792513	0.729534
-0.768476	0.720059
-0.462338	0.128621
-0.61103	-0.104981
-0.726261	-0.0122494
-0.811302	0.143939
-0.800682	0.219219
-0.929676	0.327106
-0.993333	0.499805
-0.774137	0.458699
-0.759143	0.518671
-0.563281	0.40302
-0.406699	0.351677
-0.184814	0.273067
-0.53737	0.642614
-0.725125	0.823635
-0.564979	0.835305
-0.279231	0.83431
-0.215019	0.833563
-0.218945	0.850708
-0.267162	0.857218
-0.290267	0.862135
-0.389474	0.909871
-0.628081	0.873765
-0.324179	0.681055
0.0200196	0.62205
-0.119527	0.69578
-0.263475	0.80221
-0.306291	0.963174
-0.385484	1.09786
-0.505819	1.05208
-0.617474	0.995037
-0.656	0.976657
-0.586239	0.495387
-0.485569	0.0220273
-0.493967	-0.0346011
-0.385317	-0.112267
-0.332474	-0.0831375
-0.326825	-0.0417372
-0.295329	0.0169246
-0.302508	0.246952
0.0208222	0.380196
0.226639	0.523274
0.494979	0.521229
0.511654	0.674427
0.231824	0.663781
0.0749863	0.786893
0.162158	0.608554
0.146553	0.497972
0.0920565	0.370259
0.129135	0.272434
-0.0619443	0.369398
-0.304228	0.400029
-0.481269	0.483792
-0.452681	0.489686
-0.272568	0.476988
-0.0378107	0.749535
0.0788506	0.589128
0.0695727	0.593522
0.332609	0.558151
0.419404	0.484158
0.276488	0.354544
0.0580717	0.246475
-0.199417	0.324565
-0.156833	-0.0625819
0.0686672	-0.116564
-0.0292803	0.0987975
-0.376569	0.334927
-0.446888	0.0523494
-0.546852	0.1016
-0.360233	0.21435
-0.442944	0.509574
-0.407018	0.411771
-0.446117	0.395673
-0.368167	0.506218
-0.4407	0.38622
-0.427355	0.108559
-0.54945	0.303297
-0.404461	0.492837
-0.126633	0.372072
0.0387448	0.375215
0.0316106	0.541407
-0.148496	0.437575
-0.355389	-0.0194557
-0.237428	-0.155763
0.0430922	-0.0570724
0.0706047	-0.260434
0.0900294	-0.270616
-0.25757	-0.0944732
0.0848786	-0.106264
-0.350235	0.168745
-0.473226	0.326877
-0.674523	0.381663
-0.591758	0.316245
-0.616619	0.340777
-0.722072	0.0140038
-0.784626	-0.13863
-0.798384	-0.258942
-0.805423	-0.282064
-0.643897	-0.152911
-0.599425	-0.105227
-0.462188	-0.0333103
-0.198755	0.147537
-0.332761	0.0855239
-0.603244	0.444025
-0.707283	0.506064
-0.482135	0.592917
-0.064079	0.222269
-0.390657	0.201473
-0.34482	0.191136
-0.535552	0.175597
-0.389477	0.158804
-0.493729	0.179067
-0.553809	0.182065
-0.61826	0.153792
-0.60042	0.170773
-0.338303	0.113285
-0.339092	0.0708055
-0.324863	-0.17419
-0.249216	-0.397801
-0.376568	-0.418896
-0.251494	-0.380727
-0.13242	-0.476444
-0.179385	-0.429633
-0.0488064	-0.419782
0.139764	-0.360554
0.239669	0.0262876
0.0477392	0.0271398
0.0189524	0.0970544
0.0202613	0.212217
-0.130393	0.0475059
-0.337583	0.065748
-0.0171643	0.0448634
-0.324082	0.0325609
-0.533734	0.174216
-0.425369	0.220013
-0.409985	0.326801
-0.609165	0.413662
-0.500244	0.390815
-0.576826	0.551281
-0.109412	0.637467
0.062076	0.587011
-0.022027	0.360428
-0.184562	0.138138
-0.081186	-0.127244
-0.18361	-0.16151
-0.0308414	-0.0719834
-0.586998	-0.531087
-0.467905	-0.551403
-0.501644	-0.25695
-0.423359	-0.100544
-0.147433	-0.167374
-0.169115	-0.278601
-0.047442	-0.417642
-0.338862	-0.156636
-0.23581	-0.211614
-0.299276	-0.158748
-0.263327	-0.107875
-0.397905	-0.130102
-0.541957	-0.0174945
-0.613778	-0.300528
-0.801295	-0.30702
-0.777059	-0.292403
-0.828607	-0.396322
-0.927893	-0.452074
-0.692544	-0.265344
-0.947663	-0.0589137
-0.770516	-0.34635
-0.766353	-0.301376
-0.763092	-0.302609
-0.855698	-0.438208
-0.409624	-0.0316065
-0.550088	-0.0800595
-0.722385	-0.0694375
-0.822267	-0.343715
-1.00897	-0.322699
-0.792749	-0.140034
-0.494855	-0.191982
-0.623627	0.0219008
-0.787116	-0.0571977
-0.914247	-0.152749
-0.791139	-0.235641
-0.709956	-0.205247
-0.776959	0.249657
-0.3747	0.518826
-0.474589	0.0966745
-0.268527	-0.0428394
0.0404302	-0.167759
0.10335	-0.245478
0.0635325	-0.401913
-0.154778	-0.277939
-0.303766	-0.0973299
-0.361369	-0.098406
-0.463588	-0.03118
-0.564722	-0.0305692
-0.504282	0.00910866
-0.529405	0.0941238
-0.554422	0.236278
-0.588499	0.424962
-0.518616	0.537642
-0.453438	0.680182
-0.595335	0.863418
-0.65922	0.952938
-0.634565	1.04211
-0.605657	1.01287
-0.536727	1.00334
-0.395291	0.94296
-0.433506	0.879958
-0.473358	0.783735
-0.564235	0.648299
-0.57325	0.423967
-0.455961	0.134276
-0.233091	0.0104102
0.0147761	0.0394467
0.246471	0.113284
0.310991	0.197514
0.263774	0.359213
-0.050425	0.45671
-0.430497	0.247106
-0.399445	-0.152958
-0.0449021	-0.182318
-0.643662	-0.00637992
-0.400247	-0.0533326
-0.491812	-0.183928
-0.272962	-0.146602
-0.491511	-0.206091
-0.751665	-0.161402
-0.761362	-0.114542
-0.69308	-0.0700014
-0.703306	-0.0550607
-0.696802	-0.0178389
-0.792302	-0.0157447
-0.690212	-0.0927561
-0.682313	-0.146924
-0.691436	-0.225496
-0.685958	-0.301884
-0.658886	-0.366054
-0.72033	-0.359098
-0.775347	-0.232097
-0.594653	-0.186784
-0.53742	0.0122781
-0.567393	0.134762
-0.623459	0.280631
-0.875715	0.425344
-0.837522	0.578522
-0.747025	0.493487
-0.842344	0.551307
-0.932494	0.60294
-0.873377	0.474331
-0.916692	0.469992
-0.429953	-0.0372929
-0.459086	-0.253252
-0.5752	-0.158875
-0.698588	0.00303227
-0.865802	0.17443
-0.901278	0.534755
-0.862816	0.757091
-0.771221	0.730716
-0.688044	0.753936
-0.317567	0.651509
-0.142817	0.590767
-0.365248	0.376256
-0.342989	0.328013
-0.108404	0.41046
-0.394785	0.22083
-0.413281	0.0386913
-0.550096	0.0395309
-0.832469	-0.0695113
-0.818248	-0.206567
-0.36148	0.0167474
-0.882474	-0.144567
-0.773443	-0.212068
-0.570044	-0.299631
-0.932494	-0.157966
-0.160303	0.010815
-0.0504718	0.050135
-0.0795174	0.0162299
-0.0161023	0.124439
-0.381411	0.20269
-0.871205	-0.0600795
-0.388848	0.0242594
-0.254999	-0.210921
-0.05396	-0.130111
-0.0706618	-0.0367727
0.00184478	-0.0112341
0.014554	0.00281616
-0.0103827	0.0158953
0.00920072	0.0371205
0.00392645	0.0786404
-0.0835695	0.250789
-0.18199	0.0749579
-0.724792	-0.0663216
-0.689906	0.0116416
-0.520553	-0.139974
-0.470755	0.0149348
-0.353082	-0.089743
-0.0847784	-0.171415
-0.430168	0.00975813
0.0780875	0.196373
0.154023	0.394176
0.38461	0.344888
0.318247	0.116431
0.0753279	0.0898312
-0.0508368	0.0192019
-0.1516	0.069536
-0.0671775	0.196808
-0.344029	0.149372
-0.501538	0.278106
-0.530483	0.342779
-0.323156	0.43934
-0.139528	0.502861
-0.00339426	0.71819
-0.352187	0.536183
-0.133091	0.252444
-0.229606	0.417259
0.228059	0.510298
0.536824	0.275042
0.465568	-0.0748424
-0.048419	-0.30089
-0.223234	-0.232428
-0.420389	-0.134043
-0.615951	-0.176352
-0.488091	-0.168764
-0.395717	-0.0742718
-0.417867	-0.00782426
-0.542882	0.159269
-0.653889	0.133155
-0.557755	0.21301
-0.371483	-0.14285
-0.507989	-0.347494
-0.581433	-0.200535
-0.836227	0.210268
-0.894709	0.504561
-0.781989	0.567843
-0.577124	0.435976
-0.356641	0.267668
-0.0555654	0.637926
0.189572	0.858831
0.200104	1.00394
-0.0101252	0.965347
-0.29414	0.657353
-0.279135	0.644069
-0.492199	0.836514
-0.340763	0.70045
-0.25005	0.693691
-0.226776	0.624677
-0.0694187	0.529261
0.129984	0.420774
-0.139801	0.381242
-0.105224	0.133341
-0.242031	0.111912
-0.685758	-0.298948
-0.76653	-0.189468
-0.909854	-0.544969
-0.427245	-0.317948
-0.0255665	0.441729
-0.252471	0.685807
-0.294465	0.361873
-0.400506	0.00991283
-0.28888	-0.204448
-0.221284	-0.174032
-0.142846	0.299114
-0.078194	0.233569
0.418377	-0.139808
0.307851	0.0536568
-0.179767	-0.0106985
-0.580538	0.0874817
-0.665699	0.00830604
-0.545381	-0.0522629
-0.571834	-0.149489
-0.74207	-0.0956012
-0.247525	-0.115945
-0.479635	-0.219242
-0.532347	-0.288897
-0.74977	-0.252314
-0.73825	-0.28019
-0.842416	-0.236671
-0.751044	-0.287962
-0.756568	-0.297695
-0.767075	-0.221079
-0.760815	-0.0931012
-0.691715	0.0274165
-0.745436	0.584767
-0.692979	0.705623
-0.468223	0.521765
-0.280051	0.347465
0.0172552	0.155001
-0.0264838	0.200134
0.0515323	0.0415399
-0.0472535	0.176145
0.096693	0.543405
-0.0321206	0.193363
-0.263968	0.193
-0.121946	0.073384
-0.0719372	0.340101
-0.111577	0.244116
-0.789064	-0.127164
-0.892662	-0.329284
-0.896402	-0.287776
-0.791318	-0.264835
-0.801085	-0.341058
-0.769752	-0.370723
-0.776237	-0.326573
-0.716237	-0.346832
-0.539247	-0.215274
-0.648843	-0.213424
-0.630855	-0.226368
-0.198097	0.120765
-0.235104	0.010165
-0.449771	0.357298
-0.249764	0.448089
-0.157811	0.456296
0.105523	0.482438
0.343048	0.302133
0.293944	-0.00581986
0.0509435	-0.0596911
-0.146567	-0.158997
-0.199769	-0.46396
-0.319792	-0.381139
-0.706945	0.0103142
-0.510662	0.00532664
-0.40488	0.0338007
-0.588886	0.180835
-0.431466	0.0747471
-0.746557	-0.197216
-0.64508	-0.154065
-0.595257	-0.265327
-0.0428444	-0.0253388
-0.163227	-0.048531
-0.258377	-0.157014
-0.286572	-0.250339
-0.235807	-0.196358
-0.076435	-0.0759314
0.0930332	0.0675689
0.312232	0.13401
0.307703	-0.206825
-0.162995	-0.258145
-0.183318	-0.353522
0.119212	-0.325695
-0.248886	-0.341927
-0.178305	-0.0578317
0.13402	0.469647
-0.152393	0.255133
-0.483642	0.284197
-0.34508	0.229891
-0.446058	0.201886
-0.810513	0.368273
-0.775603	0.334525
-0.673956	0.262382
-0.537294	0.219243
-0.271946	0.215492
-0.178095	0.0351485
-0.179464	0.0779257
-0.455967	-0.111167
-0.50837	-0.291226
-0.434112	-0.394757
-0.214445	-0.342667
-0.128576	-0.248208
0.11616	-0.166253
0.315071	-0.0947452
0.159197	-0.119652
-0.121769	0.0218254
0.0523803	-0.068614
-0.244592	-0.183168
0.201798	-0.209593
0.0183871	0.0716304
-0.0726454	0.551619
-0.128079	0.504275
-0.0989607	0.521252
0.00831813	0.425465
0.118759	0.362932
0.197965	0.42916
0.155338	0.378557
0.244826	0.322483
0.0519161	0.25717
-0.340038	0.222602
-0.709945	-0.155824
-0.943584	-0.212521
-1.01412	-0.128009
-1.00882	-0.0140491
-1.0697	-0.0653244
-1.03674	0.00251785
-0.825504	0.21279
-1.05152	0.0942937
-0.603279	0.745038
-0.357181	0.826399
-0.350538	0.656459
-0.419421	0.595277
-0.375026	0.557003
-0.31609	0.41137
-0.2003	0.271349
-0.0206571	0.206427
0.264029	0.179949
0.168922	0.218143
0.254846	0.356978
0.381645	0.411205
0.277308	0.511991
0.371797	0.544051
0.224358	0.366544
0.0329904	0.482041
-0.306657	0.543394
-0.603028	0.47375
-0.102567	-0.020286
-0.355149	0.356109
-0.583557	0.518268
-0.427995	0.542708
-0.500464	-0.0210917
-0.557798	-0.0419936
-0.614544	-0.113526
-0.780297	-0.0374135
-0.943279	-0.0813577
-0.978586	0.0146302
-0.944499	0.0724905
-0.890761	0.175819
-0.823677	0.361052
-0.627023	0.548009
-0.337347	0.756068
-0.16811	0.871855
-0.0740985	1.01692
-0.175983	1.14688
-0.305978	1.13725
-0.383587	1.0412
-0.398776	0.86729
-0.235365	0.840281
-0.188487	0.752847
-0.187725	0.800161
-0.122477	0.665087
-0.0961121	0.584985
-0.198242	0.637622
-0.124899	0.490157
0.0691848	0.396397
-0.197622	0.142408
-0.245706	-0.221269
-0.252807	-0.143816
-0.150336	-0.105177
-0.106489	-0.480474
-0.221592	-0.378796
-0.157759	-0.317588
-0.200389	-0.346953
-0.0718908	0.00406954
-0.116583	-0.109065
-0.274014	-0.121022
-0.357624	-0.165696
-0.41765	0.00815986
-0.399801	-0.255276
-0.475418	-0.24701
-0.648725	-0.231075
-0.577666	-0.216028
-0.720972	-0.277723
-0.523133	-0.223542
-0.855733	-0.231251
-0.677305	-0.0831391
-0.709629	-0.221854
-0.526706	-0.373323
-0.300203	-0.167875
-0.179999	-0.0281566
-0.0701447	0.0429835
0.029346	0.0798965
0.122979	0.217026
0.12844	0.0819541
0.0207257	0.0792279
-0.154449	0.200654
-0.583383	0.0119525
-0.618893	-0.104343
-0.727072	-0.0238316
-0.770644	-0.18067
-0.641506	-0.317841
-0.821903	-0.195468
-0.95153	-0.246466
-0.779537	-0.347754
-0.947712	-0.467292
-0.495286	-0.141954
-0.75834	-0.231556
-0.804372	-0.205801
-0.891747	-0.499813
-0.897303	-0.401372
-0.860183	-0.370418
-0.640414	-0.291359
-0.692892	-0.258243
-0.756167	-0.157538
-0.265128	0.0700385
0.0794773	0.300389
0.109579	0.559402
0.0631776	0.597014
-0.1303	0.467693
0.0355347	0.35077
0.0970914	0.442488
-0.32018	0.451572
-0.487981	0.636626
-0.306721	0.847408
-0.324849	0.624635
-0.326831	0.659171
-0.0946156	0.738301
0.199226	0.656415
0.0828781	0.59623
-0.158719	0.26286
-0.294154	0.265152
-0.349494	0.0606467
-0.354481	-0.136374
-0.420587	-0.103684
-0.285502	-0.226444
-0.327538	-0.0787237
-0.344769	-0.138323
-0.50562	-0.126843
-0.359944	-0.0623302
-0.314226	0.24456
-0.570581	0.451092
-0.657105	0.328973
-0.677954	0.293161
-0.924012	0.411269
-0.932221	0.415737
-0.877252	0.398723
-0.912305	0.483506
-0.790617	0.484236
-0.691381	0.543283
-0.557532	0.563406
-0.552864	0.532782
-0.429567	0.402941
-0.545392	0.515552
-0.505894	0.615773
-0.372376	0.542322
-0.469627	0.621329
-0.412454	0.664487
-0.352059	0.849525
-0.340322	0.796423
0.155101	0.602413
0.226384	0.648677
0.21506	0.688247
-0.318315	0.39455
-0.164095	0.582041
-0.18432	0.812307
-0.17842	0.243995
-0.0745425	0.133216
-0.00833926	0.532009
0.133331	0.281951
0.0729695	-0.0104579
-0.291382	0.164378
-0.763335	0.134339
-0.839515	-0.00517125
-0.897109	-0.096574
-0.899024	-0.210671
-0.861058	-0.339877
-0.63181	-0.445318
-0.391687	-0.411478
-0.100254	-0.132618
-0.0585357	0.231137
-0.4842	-0.214971
-0.750046	-0.0805745
-1.03545	-0.066231
-1.03603	0.0467394
-0.735808	0.174324
-0.575758	-0.105295
-0.707851	0.0439995
-0.328464	0.388738
-0.42692	0.537081
-0.275955	0.622004
-0.232593	0.634129
-0.304345	0.676403
-0.185507	0.760869
0.0945277	0.31619
-0.0280375	0.16494
-0.416814	0.189741
-0.604132	0.130127
-0.700954	-0.023824
-0.679063	-0.0991983
-0.586846	-0.00321464
-0.618986	-0.210268
-0.497174	-0.373562
-0.561997	-0.374415
-0.530492	-0.368229
-0.321822	-0.215731
-0.725294	0.50024
-0.752892	0.66962
-0.659433	0.71809
-0.719762	0.693185
-0.673508	0.804651
-0.628862	0.78646
-0.578941	0.807091
-0.586925	0.797407
-0.379536	0.644888
-0.276685	0.614129
-0.179774	0.64215
0.0166474	0.48368
-0.0742652	0.496063
0.0563006	0.397687
-0.162664	0.438792
-0.30735	0.401286
-0.372406	0.535322
-0.345086	0.592634
-0.127887	0.69376
0.101808	0.59621
0.0402514	0.498214
0.00415608	0.345933
-0.0860563	0.398598
-0.143611	0.215781
-0.169033	0.277881
-0.199646	0.206615
-0.384579	0.134763
-1.37738	-0.171036
-1.2959	0.186281
-0.415745	-0.21635
-0.0766875	-0.10337
-0.205703	0.391024
0.0708629	0.701805
-0.410589	0.639841
-0.539105	0.531303
-0.833441	0.466932
-0.783297	0.445793
-0.786333	0.429498
-0.46705	0.323817
-0.16792	0.403174
-0.258678	0.318671
-0.359119	0.146874
-0.436929	0.0388613
-0.557999	0.152348
-0.522801	0.0895513
-0.690872	-0.199307
-0.53251	-0.0142333
-0.495223	-0.127655
-0.833669	-0.0472061
-0.676157	0.0326191
-0.466694	-0.0280763
-0.472027	-0.0378807
-0.364029	-0.218232
-0.621719	-0.197916
-0.756098	-0.11621
-0.705056	-0.107008
-0.289158	-0.111254
0.00160746	0.223298
0.221215	0.0304019
-0.128293	0.078215
-0.106953	-0.0849104
-0.362249	-0.403396
-0.314643	-0.330293
-0.353039	-0.110854
-0.543625	0.0107501
-0.562146	-0.133357
-0.491799	-0.127759
-0.249598	-0.164967
-0.359659	-0.467872
-0.117473	-0.0884817
-0.180123	-0.0447478
-0.210691	-0.0199563
-0.114602	0.0430178
-0.539386	0.420343
-0.644346	0.214092
-0.7362	-0.0546894
-0.529636	0.243788
-0.269659	0.237708
-0.379011	0.543924
-0.0677289	0.386623
0.163976	0.517632
0.316409	0.425783
0.496769	0.360259
0.553063	0.363914
0.294883	0.368544
0.200559	0.40872
0.180334	0.377733
0.0999497	0.294749
0.00415565	0.184978
-0.0521383	0.0560853
-0.12606	-0.0904504
-0.332366	-0.20491
-0.490334	-0.285064
-0.336014	-0.0641196
-0.422758	-0.344601
-0.50889	-0.108435
-0.531741	-0.216535
-0.434857	-0.312548
-0.453585	-0.31653
-0.498573	-0.201732
-0.552087	-0.0300649
-0.472777	0.0737344
-0.276979	0.0499174
-0.337872	-0.0489306
-0.475925	-0.296773
-0.385326	-0.312697
-0.201834	-0.201126
-0.323427	-0.180562
-0.661788	-0.00444751
-0.626556	-0.343861
-0.552005	-0.225161
-0.597848	-0.207632
-0.699375	-0.226994
-0.623512	-0.386601
-0.372629	-0.254884
-0.226461	-0.33329
-0.344691	-0.247062
-0.348293	-0.463523
-0.0363304	-0.484158
-0.318659	-0.417301
-0.188901	-0.48006
-0.173961	-0.552889
-0.0485775	-0.354593
0.0120063	-0.110735
0.14885	-0.209653
-0.108117	-0.583308
-0.247773	-0.515314
-0.227821	-0.380261
-0.410223	-0.463405
-0.606947	-0.555987
-0.721917	-0.458317
-0.682072	-0.342424
-0.764296	-0.211491
-0.558937	-0.300316
-0.603416	-0.213472
-0.70289	-0.23698
-0.790856	-0.31859
-0.710678	-0.358141
-0.706556	-0.280903
-0.76076	-0.353738
-0.335212	0.0241236
-0.726509	-0.287599
-0.679289	-0.317772
-0.830724	-0.0441402
-0.820565	-0.254131
-0.819966	-0.39696
-0.707805	-0.228827
-0.674232	-0.277606
-0.828718	-0.248395
-1.00506	-0.174237
-0.751389	-0.269186
-0.345768	0.216271
0.0673109	0.181243
0.0788186	0.650369
-0.0405684	0.545702
0.180052	0.252273
-0.00582477	0.0616352
-0.14518	0.0686488
-0.0178477	0.0575804
0.146945	-0.00260728
0.388433	-0.085045
0.344199	-0.041607
0.532265	0.0690804
0.495781	0.223092
0.238151	0.389255
0.24497	0.110995
-0.0227007	0.0737421
-0.110648	0.0234532
-0.192533	0.0250527
-0.159073	-0.248177
-0.0449757	-0.167917
-0.0699608	-0.214273
-0.175464	-0.345641
-0.0445476	-0.195273
0.147572	-0.0621588
0.148681	0.0488812
0.078902	0.0374698
0.102338	-0.175114
-0.0676095	-0.341213
-0.249833	-0.4375
-0.522474	-0.384063
-0.621659	-0.359235
-0.42991	-0.385671
-0.499664	-0.303049
-0.265314	-0.174274
-0.295096	0.260195
-0.16865	0.641566
-0.215393	0.416008
-0.0277116	0.644413
0.0667079	0.713985
0.214499	0.573486
0.581605	0.337152
0.616042	0.334506
0.518683	0.346712
0.340671	0.293
0.413105	0.143885
0.498135	0.0788053
0.374143	0.154458
0.220214	0.0954765
0.286474	0.0946711
0.134936	0.213755
0.162198	0.1751
0.160104	0.279609
0.0705157	0.298129
0.138649	0.373519
0.24509	0.417446
0.118429	0.202658
0.0174309	-0.0747761
-0.11959	-0.458389
0.0468446	-0.444119
0.0200121	-0.295255
-0.363066	-0.5107
-0.11555	-0.369783
-0.297434	0.184735
-0.242796	0.400477
-0.376707	0.241819
-0.676287	0.051665
-0.598267	0.0289337
-0.510139	-0.2318
-0.3688	-0.220312
-0.230697	0.328064
-0.363245	0.329863
-0.69989	0.334707
-0.776277	0.560843
-0.655144	0.581277
-0.621089	0.546118
-0.742736	0.384927
-0.530929	0.218408
-0.286652	0.191422
-0.162208	0.211717
-0.0959949	0.333065
0.0373278	0.350406
0.0965703	0.421282
0.0111655	0.531341
0.163703	0.419462
0.210472	0.366044
0.300699	0.182616
0.3457	0.20715
0.388287	0.34619
0.0565426	0.57508
-0.241115	0.657671
-0.240638	0.585004
-0.227935	0.389671
-0.105825	0.319551
-0.073409	0.128746
0.0260946	0.0268629
-0.0073089	-0.028708
0.0551866	-0.113091
0.0292229	-0.240502
-0.194087	-0.293534
-0.277241	-0.412736
-0.122566	-0.142716
-0.0522874	-0.108546
0.338072	0.0484833
0.406813	0.191724
0.323848	0.318413
0.41514	0.258481
0.352906	0.165031
0.351171	0.342521
0.324797	0.289485
0.26481	0.443931
0.262115	0.21505
0.0999918	0.0373025
-0.270401	-0.0800048
-0.446283	-0.270182
-0.738559	-0.334367
-0.760293	-0.283322
-0.7606	-0.0308712
-0.935364	0.263073
-0.376698	0.367894
-0.123356	0.346485
0.0171402	0.191744
0.0444238	0.271734
0.139843	0.169024
-0.131217	0.384341
-0.427128	0.451709
-0.686825	0.48548
-0.765787	0.305545
-0.911101	0.157968
-0.946414	0.0106425
-0.513575	0.0123538
-0.517034	0.0602941
-0.392309	-0.0908238
-0.292245	-0.352589
-0.484366	-0.451952
-0.649858	-0.15989
-0.510571	-0.172106
-0.442676	-0.223275
-0.44134	-0.349421
-0.641662	-0.363504
-0.385276	-0.334732
-0.565088	-0.0556977
-0.592764	-0.234488
-0.720106	-0.0960017
-0.828415	-0.30359
-0.99369	-0.175297
-0.772031	-0.238046
-0.937044	-0.326205
-0.814665	-0.257037
-0.882602	-0.104837
-1.05732	-0.357885
-0.655022	-0.278778
-0.88729	-0.36269
-1.0986	-0.321731
-1.01868	-0.461352
-0.725777	-0.255312
-0.979423	-0.255579
-0.704512	-0.252269
-0.914169	-0.156621
-0.873537	-0.286896
-0.756074	-0.43501
-0.984681	-0.482417
-0.98643	-0.199015
-0.94662	-0.271514
-0.935452	-0.379748
-0.79722	-0.249283
-0.929031	-0.337586
-0.565764	-0.166845
-1.06834	0.221547
-0.840131	0.164042
-0.365221	-0.308603
-0.328666	-0.364372
0.0491262	0.0554137
0.331232	0.145118
0.46878	0.146212
0.399439	0.181048
0.247986	0.22763
0.108218	0.189436
0.165317	0.205737
0.0182067	0.220323
0.0964392	0.177553
0.0428375	0.257187
-0.524416	0.818098
-0.58505	0.818073
-0.653579	0.872084
-0.644594	0.89696
-0.603702	0.880824
-0.628346	0.903299
-0.61391	0.789936
-0.544164	0.774646
-0.253321	0.410839
-0.370177	0.050917
-0.401271	0.0217158
-0.392148	0.235185
-0.274064	0.357354
-0.59557	0.393369
-0.718808	0.358933
-0.694839	0.235333
-0.679409	0.0368653
-0.711628	-0.157074
-0.723145	-0.273539
-0.755323	-0.311373
-0.644484	-0.323612
-0.569481	-0.310488
-0.358974	-0.275139
-0.180492	-0.179934
0.00364316	-0.0418356
-0.201798	0.108479
-0.00261683	0.146874
-0.110238	-0.071821
-0.490214	0.00793636
-0.502997	-0.0718086
-0.479438	-0.191409
-0.621812	-0.338541
-0.657844	-0.138056
-0.701454	-0.141117
-0.76477	-0.215836
-0.304719	-0.180699
-0.31625	0.33989
-0.474491	0.163011
-0.885189	0.568506
-0.373482	0.401006
-0.594211	0.372845
-0.515544	0.21909
-0.515495	-0.110275
-0.660753	-0.160336
-0.623211	-0.351354
-0.850017	-0.181859
-0.846912	-0.164866
-0.915044	-0.317639
-0.52887	-0.217872
-0.441988	-0.501275
-0.288812	-0.15748
-0.343031	0.026311
-0.147333	0.0403595
-0.21344	0.0362021
-0.272886	0.0431517
-0.382399	-0.11497
-0.445675	-0.313993
-0.43593	-0.18407
-0.565506	-0.201248
-0.635147	-0.133921
-0.732461	0.0932624
-0.537942	0.094792
-0.361372	0.138813
-0.592825	0.223235
-0.670032	0.385891
-0.377599	0.645221
-0.146144	0.84049
-0.0909181	0.841526
0.0441751	0.4337
-0.139213	0.521784
-0.33414	0.492889
-0.593194	0.465189
-0.499781	0.367166
-0.369008	0.261228
-0.330313	0.220806
-0.296244	0.167354
-0.394619	0.0798262
-0.549823	0.0567853
-0.554082	-0.0491104
-0.399057	-0.155473
-0.313499	-0.101012
-0.29386	0.0457703
-0.29185	0.214915
-0.0405423	0.428673
-0.133002	0.334065
-0.135299	0.324808
-0.278897	0.0814676
-0.455452	-0.0217753
-0.449891	-0.211488
-0.490371	-0.224592
-0.269725	-0.440994
-0.369988	-0.259793
-0.455511	-0.349318
-0.175892	-0.146021
-0.421632	-0.0506442
-0.664588	-0.152261
-0.50624	0.0445224
-0.482092	0.111486
-0.374413	-0.00601662
-0.33339	-0.0198868
-0.321532	-0.128984
-0.449612	-0.0126658
-0.359065	0.0352556
-0.445012	0.209461
0.000136792	0.393999
0.340199	0.10617
0.250237	0.121669
0.275958	0.0104163
0.204794	0.148796
-0.304684	0.119138
-0.453573	-0.107461
-0.511442	-0.027598
-0.510012	-0.304215
-0.638372	-0.114777
-0.713895	-0.118283
-0.757138	-0.190003
-0.880003	-0.208343
-0.876146	-0.203446
-0.949158	-0.173437
-0.829799	-0.0153906
-0.541874	-0.00401475
-0.189898	-0.0125259
-0.247819	-0.15327
-0.40318	-0.318067
-0.576131	-0.428106
-0.535755	-0.425641
-0.521076	-0.489622
-0.417525	-0.555478
-0.532912	-0.478058
-0.640285	-0.36205
-0.715886	-0.269686
-0.479719	-0.142123
-0.00646843	0.233029
0.193253	0.245222
0.285348	0.244604
0.0380984	0.275699
-0.359339	0.378189
-0.431216	0.528743
-0.343836	0.69525
-0.351713	0.802277
-0.0589374	0.986908
-0.00780208	0.813061
0.336758	0.964105
0.306161	0.875534
0.00143774	0.942041
-0.117298	0.889105
0.121116	0.70508
-0.202107	0.265058
-0.322494	-0.102456
-0.540388	-0.21669
-0.484933	-0.277901
-0.861441	-0.0642603
-0.856584	-0.0964345
-0.994918	-0.218105
-0.688026	-0.116139
-0.813758	-0.344742
-0.690583	-0.349338
-0.774597	-0.432947
-0.945573	-0.276043
-0.792413	-0.345266
-0.71569	-0.117978
-0.559178	-0.177119
-0.363607	-0.161528
-0.203458	0.0137528
-0.621419	0.0573955
-0.552975	-0.139162
-0.660823	0.0414301
-0.71321	-0.135535
-0.72356	-0.320348
-0.751001	-0.211434
-0.802429	-0.246293
-0.972738	-0.285302
-0.799431	-0.279177
-0.763245	-0.335268
-0.872103	-0.324245
-0.901831	-0.489876
-0.85086	-0.479785
-0.734359	-0.302603
-0.548294	0.00103865
-0.797922	-0.187107
-0.80276	-0.410156
-0.743145	-0.244155
-0.805047	-0.30482
-0.857155	-0.24526
-0.769828	-0.260231
-0.846917	-0.299851
-0.429721	0.0670218
-0.0876235	0.284781
-0.157336	0.247379
-0.640636	0.103935
-1.04247	-0.243697
-0.964077	-0.0106558
-1.04499	-0.102263
-1.17959	-0.154013
-1.03789	-0.0017471
-0.936904	0.0932953
-0.918489	0.163893
-0.836613	0.232326
-0.40729	0.0943807
-0.497965	0.16459
-0.459917	-0.0188939
-0.843445	0.0487414
-0.805418	-0.173038
-1.04813	-0.219709
-0.951116	-0.190319
-0.510054	0.710075
-0.5081	0.587286
-0.248707	0.543182
-0.228861	0.519559
-0.226245	0.480839
-0.158613	0.300229
-0.0846878	0.146922
0.202371	0.0309517
0.0991458	0.207654
-0.173829	0.301971
-0.271035	0.410039
-0.552547	0.202443
-0.618015	0.0714305
-0.634878	-0.0652096
-0.178753	0.272431
-0.470394	0.156373
-0.327127	0.163632
-0.331701	0.160149
-0.305595	0.182371
-0.184827	0.176864
-0.101224	0.215513
-0.146611	0.389452
0.236335	0.484268
0.376264	0.227911
0.358026	0.19075
0.166503	0.169611
0.0765501	0.066232
-0.382231	0.0171713
-0.267101	0.0834505
-0.32107	0.439812
-0.231967	0.336785
0.0403418	0.474585
0.175682	0.239902
0.303383	0.111495
0.197441	0.235463
0.310035	0.635087
0.362472	0.440518
0.262469	0.400656
0.0604887	0.509515
-0.194559	0.660895
-0.137427	0.653918
-0.00495855	0.588933
0.0111291	0.471573
0.0211699	0.498198
0.00471195	0.523471
0.144902	0.590466
0.27859	0.517798
0.143689	0.462169
-0.0234749	0.384606
-0.126645	-0.0674755
-0.0637617	-0.169957
-0.0404206	-0.336251
-0.223691	-0.176338
-0.193956	-0.346473
-0.283872	-0.0661715
-0.313108	0.0379414
-0.698308	0.166962
-0.398957	0.29926
-0.336616	0.790292
-0.405414	0.896636
-0.107001	0.75883
-0.177438	0.82453
-0.281826	0.931
-0.32854	0.932356
-0.330725	1.01532
-0.391404	0.946065
-0.519651	0.976689
-0.450606	0.917721
-0.532734	0.843516
-0.590926	0.724708
-0.61611	0.542788
-0.680188	0.482633
-0.636071	0.395236
-0.6675	0.30465
-0.656548	0.220489
-0.657636	0.141289
-0.636533	0.0915176
-0.569651	0.0212719
-0.488404	-0.0234131
-0.716559	0.447099
-0.898207	0.771927
-0.826645	0.68651
-0.672336	0.537548
-0.789563	0.575098
-0.746049	0.530301
-0.721406	0.490489
-0.85053	0.596984
-0.842806	0.540221
-0.721345	0.335303
-0.74354	0.361062
-0.741823	0.498285
-0.599954	0.305765
-0.531799	0.139086
-0.568385	0.163729
-0.335413	0.0457513
-0.239662	0.0990163
-0.0339255	0.137515
0.0822965	0.231145
0.335239	0.294338
0.275312	0.206668
0.325741	0.0375979
0.279718	0.0385576
0.201865	-0.124437
-0.0158567	0.0690387
0.192923	0.0785199
-0.196731	0.321802
-0.298806	0.250457
-0.484301	0.374637
-0.523344	0.461198
-0.578374	0.44465
-0.55288	0.35798
-0.307859	0.1277
0.229949	0.357328
0.106517	0.479739
-0.127593	0.273915
-0.330748	0.091565
-0.323814	0.112579
-0.113389	0.166578
-0.00287588	0.184729
0.192321	0.0708814
0.168137	0.0704681
0.0631834	0.205104
0.0314805	0.196629
0.0449252	0.142597
0.0412203	0.113559
0.030242	0.0860348
0.00859391	0.117099
-0.0391719	0.00838686
-0.129395	-0.00971277
-0.186687	-0.0702896
-0.272035	-0.0403656
-0.322773	0.0350973
-0.380466	0.0945261
-0.401236	0.0754896
-0.425018	0.0520703
-0.387412	0.123583
-0.401861	0.0766041
-0.20004	-0.00421961
-0.0522581	0.102883
-0.097555	0.356751
0.194545	0.237414
-0.0633454	0.227686
0.0598907	0.067049
0.24629	-0.328846
-0.239512	-0.159871
-0.349735	-0.0239226
-0.408689	-0.358841
-0.446216	-0.0950846
-0.441439	-0.398127
-0.405705	-0.00521077
0.147296	0.0971175
0.134163	0.128259
-0.0870556	-0.00568056
-0.0873988	-0.0202248
0.0854628	0.0171973
0.00216101	0.0596224
0.142883	0.0102999
0.118253	0.0959191
0.146849	0.121849
0.213256	0.0962025
0.0389141	0.00266182
0.0343431	0.146256
-0.167935	0.102023
-0.239543	0.058459
-0.414924	-0.0707738
-0.680086	-0.285685
-0.599877	-0.144372
-0.599902	-0.223637
-0.457318	-0.29644
-0.119627	0.500177
-0.0486259	0.536044
-0.0359498	0.549445
-0.173917	0.528188
-0.129263	0.468541
-0.294393	0.596974
-0.28322	0.514594
-0.311235	0.55811
-0.104947	0.544457
-0.0981359	0.441317
0.132894	0.385967
0.0354458	0.586658
-0.270811	0.465826
-0.0923218	0.214801
0.0253974	-0.129205
-0.208906	-0.309201
-0.389391	-0.0225683
-0.37302	-0.0320153
-0.481576	-0.183548
-0.623378	-0.332407
-0.544709	-0.260841
-0.511235	-0.418248
-0.471239	-0.12184
-0.640207	-0.164845
-0.400685	0.249888
-0.300878	0.345818
-0.270739	0.172251
-0.232101	0.22794
-0.188026	0.459661
0.0391384	0.612927
0.332475	0.375996
-0.441706	0.430782
-0.396317	0.439502
-0.434659	0.437967
-0.133207	0.415891
-0.127821	0.349717
0.101575	0.189751
0.225645	-0.0673083
0.0829066	-0.0267864
-0.0484135	-0.345791
-0.112708	-0.211186
-0.107199	-0.23245
-0.152426	-0.329085
-0.109897	-0.217953
-0.232001	-0.274098
-0.519023	-0.210426
-0.63376	-0.271983
-0.718814	-0.14685
-0.478522	-0.0746638
-0.719687	-0.049556
-0.643506	-0.344477
-0.665819	-0.0967635
-0.853383	-0.302938
-0.532593	-0.300651
-0.641462	-0.514505
-0.664124	-0.131941
-0.257706	0.103326
-0.464382	-0.0222827
-0.818122	0.0107931
-0.591905	-0.0210643
-0.185957	0.235958
-0.665927	0.446604
-0.704204	0.592573
-0.267202	0.524732
-0.264702	0.522795
0.000674582	0.423285
-0.00311433	0.366038
0.213969	0.31561
0.0777103	0.319412
0.265145	0.335635
-0.0506797	0.257626
-0.189355	0.277255
-0.0877139	0.294782
-0.322484	-0.0428428
-0.0522827	-0.0995679
0.0730087	-0.2264
-0.0503347	-0.36346
-0.219515	-0.28857
-0.00383208	0.113591
-0.163494	-0.183167
-0.246017	-0.0475333
-0.118365	-0.0813419
-0.148295	0.120616
-0.370586	0.096403
-0.291014	-0.00647709
-0.477941	-0.0614496
-0.482241	-0.262567
-0.675697	0.0542719
-0.684333	-0.391531
-0.742241	-0.32001
-0.683288	-0.448282
-0.867788	-0.313849
-0.748715	-0.250158
-0.712965	-0.240308
-0.670303	-0.260893
-0.767377	-0.296798
-0.854223	-0.254002
-0.908978	-0.17585
-0.873805	-0.332757
-0.714906	-0.0298612
-0.772531	-0.261223
-0.794706	-0.184934
-0.646827	-0.241991
-0.961025	-0.205525
-0.672234	-0.190238
-0.793118	-0.146394
-0.897345	-0.255624
-0.735752	-0.206759
-0.726695	-0.28307
-0.563864	-0.126511
-0.0426055	0.0863376
-0.0901052	0.363112
-0.1847	0.394153
0.321051	0.579286
0.395775	0.6738
0.327871	0.798447
0.269985	0.86403
0.198091	0.923187
0.0900913	0.913043
0.0411121	0.857668
-0.187514	0.809088
-0.393372	0.634383
-0.746894	0.512193
-0.831846	0.289737
-0.875346	0.14463
-0.510935	-0.247868
-0.33255	-0.270587
-0.241597	-0.107231
-0.537126	0.44024
-0.450031	0.394165
-0.347218	0.332166
-0.396857	0.36508
-0.0892856	0.16953
0.239671	-0.0718361
-0.25682	-0.142751
0.0338163	-0.245293
0.164911	-0.30634
0.305528	-0.283835
0.383648	-0.23395
0.422956	-0.222217
0.446366	-0.22726
0.416033	-0.161456
0.236977	0.223636
0.0101283	0.203578
-0.0876523	0.0251209
-0.200188	0.0693288
-0.123404	-0.109461
-0.476101	-0.103255
-0.723157	-0.169713
-0.535013	-0.0516228
-0.420888	0.0178279
0.115848	0.120306
0.299533	0.00819032
0.444964	-0.0171278
0.433884	0.00469631
0.399131	0.0666387
0.489651	0.098478
0.119928	0.287957
0.0732448	0.189116
-0.293295	0.260922
-0.416375	0.302924
-0.21921	0.0369673
-0.340693	-0.0526404
-0.667621	-0.122903
-0.630591	-0.00354774
-0.224284	-0.00257677
-0.212031	-0.135518
-0.298664	-0.130056
-0.335234	-0.132841
-0.33208	-0.139049
-0.298939	-0.150686
-0.324671	-0.0805953
-0.610851	0.29417
-0.586295	0.336493
-0.637066	0.411347
-0.643477	0.423885
-0.608339	0.42141
-0.59392	0.466118
-0.440971	0.499193
-0.447776	0.469191
-0.549512	0.547811
-0.541049	0.643845
-0.535219	0.704397
-0.597913	0.701767
-0.642381	0.681956
-0.502125	0.680141
-0.570081	0.732354
-0.541716	0.742585
-0.505481	0.761128
-0.426453	0.706147
-0.290359	0.712298
-0.208669	0.490242
0.131639	0.279555
0.433048	0.0506297
0.418061	0.045257
0.446089	0.0156493
0.457983	0.0301264
0.468524	0.0248477
0.497023	0.0880457
0.480873	0.105831
0.505259	0.161931
0.496735	0.285327
0.399871	0.440996
0.251762	0.502472
0.175264	0.272693
0.115738	0.287805
0.0714874	0.137513
-0.0395173	0.0950966
0.0897814	0.0940244
-0.0153804	0.212706
-0.256043	0.339592
-0.548662	0.360495
-0.69149	0.353107
-0.844363	0.429745
-0.779534	0.563378
-0.614711	0.669362
-0.50997	0.693671
-0.41878	0.598334
-0.179462	0.311092
-0.0552906	0.0856163
-0.0878517	-0.0416638
-0.150565	-0.0374339
-0.0829919	-0.041938
-0.239012	0.0166895
0.0319439	0.0233373
-0.0145149	0.01165
0.0729413	-0.0491694
0.081174	-0.0550764
-0.0749666	-0.146893
-0.0505928	-0.189686
-0.244821	-0.213882
-0.0130302	-0.119295
-0.266914	-0.103279
-0.0476518	0.0337319
-0.175875	0.100131
-0.205235	0.00972093
-0.35226	0.0820339
-0.527921	-0.00191254
-0.634098	-0.098696
-0.70133	-0.143072
-0.718724	-0.122652
-0.722988	-0.0950237
-0.813747	-0.0782312
-0.830758	-0.107839
-0.691553	-0.181857
-0.745243	0.286884
-0.615449	0.515024
-0.383955	0.531176
-0.471296	0.634107
-0.316413	0.612423
0.0383007	0.316459
0.217737	0.495082
-0.00538425	0.590613
-0.198281	0.314808
-0.0142403	0.271797
-0.139055	-0.0489817
-0.409389	-0.214573
-0.502352	-0.433379
-0.319479	-0.344955
-0.245847	-0.196096
-0.424992	-0.18007
-0.333601	-0.0589845
-0.443881	-0.0599149
-0.570807	0.0578256
-0.466999	0.00515073
-0.246794	0.427352
0.214023	0.555648
-0.549508	0.63109
-0.434279	0.59967
-0.354737	0.395573
-0.404462	0.341569
-0.596477	0.195871
-0.293271	0.161738
-0.594108	0.0904086
-0.157858	0.401804
-0.0332018	0.3405
-0.123048	-0.0152898
-0.300364	-0.0588254
-0.179033	-0.193767
-0.0745611	-0.188828
-0.136181	-0.495427
-0.390369	-0.607879
-0.742265	-0.651344
-0.666577	-0.648136
-0.574004	-0.281874
-0.390981	-0.207522
-0.436004	-0.129398
-0.563145	-0.0527436
-0.424495	-0.175273
-0.32462	-0.342252
-0.648416	-0.232795
-0.795297	0.119347
-0.500708	-0.103141
0.363384	-0.277635
-0.0107151	-0.175314
-0.194483	-0.279558
-0.466412	-0.387011
-0.565366	-0.436224
-0.499482	-0.541936
-0.38234	-0.523781
-0.203294	-0.455487
-0.237258	-0.100497
-0.438708	0.0629038
-0.465104	0.309512
-0.34497	0.230419
-0.38049	0.0543153
-0.265075	-0.208417
-0.290396	-0.233187
-0.359768	-0.233646
-0.508383	-0.087253
-0.493213	-0.133932
-0.211463	-0.359552
-0.116252	-0.231427
-0.368403	0.180033
-0.277974	-0.0775773
-0.276517	0.303254
-0.195572	0.69687
-0.218258	0.746445
-0.119525	0.835171
0.0193932	0.742641
-0.0402069	0.896956
-0.0617715	0.619198
-0.35054	0.118836
-0.462749	-0.106984
-0.568593	-0.0692353
-0.625862	-0.298299
-0.564476	-0.344085
-0.665322	-0.284797
-0.807449	-0.116828
-0.643361	-0.23002
-0.225171	-0.491984
-0.152653	-0.50657
-0.501443	-0.396434
-0.0834879	-0.158319
-0.329655	-0.103334
-0.139009	-0.140001
0.104458	0.26903
0.388036	0.345172
0.18475	0.543978
0.272154	0.530028
0.361739	0.517841
0.22301	0.494156
0.0374926	0.512009
0.180025	0.4783
0.158066	0.565777
0.156063	0.579733
0.0558968	0.438745
-0.287208	0.276794
-0.538509	-0.110122
-0.698592	-0.334302
-0.193866	0.356274
-0.565959	0.174901
-0.796617	0.216015
-0.787372	0.258482
-0.748326	0.344003
-0.629971	0.216482
-0.649745	0.345713
-0.121941	0.458969
-0.168847	0.25366
0.120449	0.163853
-0.315726	0.220436
-0.592075	0.405459
-0.348981	0.272255
-0.172745	0.235985
0.0274303	0.0583175
0.363087	0.0723369
0.405249	0.237786
0.419823	0.312006
0.395088	0.460147
0.331662	0.216204
0.359377	0.239818
0.25532	0.0652677
0.352849	-0.0360915
0.201339	0.355451
0.0952642	0.44016
-0.295555	0.462948
-0.230096	0.0299877
-0.231301	0.0938598
-0.114115	0.340702
-0.200771	0.427611
-0.223394	0.143745
-0.247086	0.143635
-0.422258	-0.0331499
-0.512753	-0.0462617
-0.66695	-0.233165
-0.626619	-0.237891
-0.677828	-0.182448
-0.763808	-0.245361
-0.819732	-0.187012
-0.785233	-0.303643
-0.879489	-0.468749
-0.936809	-0.388234
-0.805721	-0.400353
-0.88071	-0.332037
-0.771061	-0.0475497
-0.751674	-0.270775
-0.784792	-0.159143
-0.772717	-0.323845
-0.984198	-0.195843
-0.790314	-0.252775
-0.481325	-0.276913
-0.658352	-0.454603
-0.566774	-0.372144
-0.353536	-0.149899
-0.325426	-0.304073
-0.4115	-0.475
-0.322527	-0.420601
-0.377498	-0.525958
-0.971094	-0.301097
-0.472149	-0.544373
-0.383554	-0.446403
-0.249421	-0.382384
-0.0782833	-0.34262
-0.011377	-0.29146
-0.0492856	-0.241444
-0.0813402	-0.266332
-0.195577	-0.327156
-0.296484	-0.304263
-0.383498	-0.373721
-0.374582	-0.397509
-0.458942	-0.40393
-0.571458	-0.432882
-0.670837	-0.389734
-0.811446	-0.232167
-0.797011	-0.158449
-0.659852	-0.162699
-0.803021	0.278896
-0.207085	0.611329
-0.139332	0.547055
-0.0814534	0.706519
0.0180601	0.437988
-0.072762	0.174601
0.00769077	-0.00468329
-0.112072	-0.284318
0.313064	-0.398861
0.355595	-0.305241
0.105129	-0.194219
-0.204583	-0.240331
-0.271782	-0.123794
0.195997	0.252871
0.334038	0.526424
0.220012	0.290302
0.456246	0.0671682
0.458618	0.0762636
0.488767	0.108225
0.441624	0.171337
0.561064	0.178248
0.630135	0.0152207
0.664289	-0.0192577
0.841276	-0.235602
0.787266	-0.249644
0.711559	-0.221935
0.641751	0.000651329
0.454557	0.146774
0.313918	-0.0251481
0.267896	0.0285918
0.139105	0.0100374
-0.226945	0.229372
-0.23746	0.261631
-0.476728	0.205627
-0.388855	0.100629
-0.59188	0.111498
-0.882207	0.348081
-0.911843	0.47876
-0.793895	0.415676
-0.874978	0.563277
-0.811432	0.61558
-0.705699	0.667878
-0.668496	0.740748
-0.639752	0.767245
-0.52777	0.765437
-0.467821	0.771597
-0.392871	0.798797
-0.40188	0.819838
-0.451691	0.766036
-0.524042	0.72783
-0.589768	0.60356
-0.686007	0.344333
-0.539177	0.210213
-0.369381	-0.0221785
-0.138346	-0.0337458
-0.133186	-0.0765509
0.109266	-0.026732
0.176021	0.05214
0.14763	0.12687
0.431225	0.173398
0.442626	0.280229
0.207356	0.290943
0.576261	0.425455
0.723083	0.409733
0.691266	0.586522
0.599405	0.541859
0.164929	0.28935
-0.0474215	0.319123
-0.0627441	0.0446604
-0.201439	0.0630084
-0.16198	-0.00914905
-0.215021	-0.201449
-0.297116	-0.454028
-0.262416	-0.163967
-0.260761	-0.370031
-0.328456	-0.12901
-0.128858	-0.242225
-0.176129	-0.351064
-0.307467	-0.327909
-0.404735	-0.297465
-0.499155	-0.0503307
-0.397511	-0.206722
-0.285814	-0.359317
-0.521654	-0.466933
-0.709712	-0.280105
-0.661431	-0.252652
-0.607459	-0.232977
-0.597975	-0.0212693
-0.714058	0.383296
-0.602849	0.718786
-0.296216	0.605798
0.0518902	0.542027
0.122621	0.607924
-0.0546846	0.634707
-0.0935203	0.490779
-0.3625	0.29403
-0.273788	0.0281962
-0.465978	-0.0687805
-0.642366	-0.0989337
-0.163204	-0.282601
0.270737	-0.298122
-0.184105	-0.191065
-0.571876	-0.379772
-0.33568	-0.409341
-0.375486	-0.253369
0.176583	0.322024
0.227389	0.509081
0.0985549	0.612184
-0.359517	0.396165
-0.580849	0.465572
-0.659638	0.605826
-0.617396	0.53692
-0.742513	0.713027
-0.717491	0.724928
-0.602754	0.643658
-0.40137	0.336966
-0.376621	0.100762
-0.735421	0.0338328
-0.750124	0.0212577
-0.789848	0.0671908
-0.717378	-0.033422
-0.854373	0.0219237
-0.428233	0.152437
-0.446021	0.366315
-0.59658	0.189034
-0.413969	0.346888
-0.567415	0.473028
-0.534397	0.340919
-0.6641	0.551984
-0.595788	0.33601
-0.560941	0.35348
-0.600364	0.2901
-0.669997	0.158711
-0.480236	0.0867012
-0.830577	-0.106557
-0.691624	-0.0818057
-0.68272	-0.10126
-0.707491	-0.191466
-0.584518	-0.335549
-0.946601	-0.23455
-0.615361	-0.237766
-0.72197	-0.286476
-0.706654	-0.426527
-0.713577	-0.158095
-0.908011	-0.20949
-0.61671	-0.286307
-0.705016	-0.299595
-0.649707	-0.318502
-0.694374	-0.0982971
-0.95386	-0.334946
-0.997675	-0.122554
-0.759713	-0.134028
-0.649332	-0.2789
-0.795289	-0.253854
-0.7695	-0.146911
-0.396277	0.146652
0.0868227	0.380145
-0.353876	0.401057
0.0432307	0.263614
-0.145751	0.217943
-0.310578	0.141974
-0.257631	0.170591
-0.562677	0.155342
-0.420559	-0.0929523
-0.269922	-0.141157
-0.165697	-0.238135
-0.23828	-0.0749173
-0.117425	-0.176533
-0.150863	-0.12466
-0.16061	-0.0547913
-0.110609	0.0200274
-0.179529	-0.00774581
-0.22978	0.0749856
-0.23574	0.25954
-0.464736	0.61753
-0.260654	0.634236
-0.232687	0.671988
-0.126785	0.479086
-0.241816	0.415411
0.0141304	0.194701
-0.0239038	0.204381
-0.132686	0.131039
-0.347373	0.19254
-0.679674	0.0318335
-0.943812	0.0281933
-0.845513	-0.288608
-0.970335	-0.249443
-0.639778	-0.123927
-0.248735	0.110519
0.0664159	0.0641482
0.0869152	0.0111919
0.38682	-0.00816168
0.38407	0.0574109
0.350756	0.05069
0.0422876	0.254543
0.000551312	0.414807
-0.211321	0.195343
-0.540707	-0.0908042
-0.286013	-0.126003
-0.470677	-0.286043
-0.420961	-0.151701
-0.343058	-0.153882
-0.285484	-0.335405
-0.0963121	-0.417421
-0.318156	-0.397091
-0.362547	-0.126975
-0.38296	-0.126017
-0.544293	0.121856
-0.560787	-0.00986095
-0.58325	0.43025
-0.416648	0.455783
-0.376816	0.363533
-0.214426	0.145431
-0.147594	0.0519018
-0.0986438	0.00175694
-0.0659126	-0.0550718
-0.0918223	-0.0659459
-0.120577	-0.115746
-0.126677	-0.140925
-0.127322	-0.208736
-0.168158	-0.221472
-0.123443	-0.209971
-0.0335081	-0.261148
-0.0567279	-0.2301
-0.0461511	-0.195956
-0.135857	-0.218063
-0.0234459	-0.295802
0.131625	-0.423195
0.0952837	-0.450859
0.228398	-0.603626
0.220665	-0.575395
0.172373	-0.604174
0.0384098	-0.523857
0.0205513	-0.51608
0.0482657	-0.492505
0.14	-0.318492
0.202865	-0.0429444
-0.164044	0.17351
-0.188322	0.160914
0.150695	0.176237
0.248494	-0.0437253
0.222012	-0.0637587
0.0100306	0.159181
0.297569	-0.16924
0.0948427	-0.389584
0.162441	-0.568605
0.117677	-0.341968
-0.0312303	-0.40035
-0.358014	-0.24257
-0.348535	-0.374349
-0.495213	-0.42486
-0.48206	-0.486067
-0.343927	-0.104401
-0.511734	-0.105511
-0.460599	-0.0244745
0.0948108	0.205786
0.0474636	0.220821
0.0325605	0.132154
0.0951637	-0.0225687
-0.0349133	0.0534859
-0.193702	0.196359
-0.56406	0.715392
-0.656052	0.774639
-0.62462	0.76279
-0.650383	0.763742
-0.571301	0.679247
-0.612155	0.707224
-0.624983	0.816166
-0.570331	0.898114
-0.661181	0.980883
-0.636176	1.02035
-0.49161	1.06611
-0.28616	1.0468
-0.448859	0.886853
-0.44093	0.774696
-0.270057	0.328876
-0.533132	0.184646
-0.651883	0.225885
-0.732379	0.222978
-0.731165	0.273401
-0.87956	0.321929
-0.79719	0.289367
-0.820843	0.385527
-0.954943	0.523548
-0.905003	0.699031
-0.221436	0.524553
-0.00191687	0.370248
-0.298908	0.213013
-0.295125	0.225885
-0.297415	0.145151
-0.220585	0.111298
-0.156398	-0.357013
0.225403	-0.34929
-0.100839	-0.0442539
-0.496433	0.335927
-0.721264	0.211454
-0.403888	0.272765
-0.379586	0.116191
-0.123639	0.258039
-0.296829	0.16106
-0.0152721	-0.0793195
0.0570249	-0.151874
-0.256499	-0.148316
-0.489325	-0.0470216
-0.488809	0.0138781
-0.406688	0.0537391
-0.240443	0.179214
0.15549	0.219499
-0.00512066	0.0449495
-0.168082	-0.132856
-0.661323	-0.0969288
-0.830422	-0.220324
-0.648861	-0.00333271
-0.299234	0.15538
-0.334033	0.141361
-0.473579	0.09479
-0.762556	0.196169
-0.703063	0.202746
-0.469807	0.118732
-0.374006	0.0557339
-0.346423	0.659585
-0.478295	0.75895
-0.588647	0.819407
-0.562645	0.850424
-0.61352	0.847536
-0.575668	0.781384
-0.328908	0.661064
0.00160342	0.73759
0.214049	0.863469
0.240745	0.86786
0.302228	0.909765
0.28205	0.919982
0.103088	0.810127
-0.0512793	0.568302
-0.0991872	0.271872
-0.171573	0.229878
-0.252028	0.227929
-0.376897	0.276952
-0.366971	0.271421
-0.484352	0.265943
-0.847465	0.613815
-0.819382	0.749902
-0.761269	0.688157
-0.854956	0.672399
-0.925162	0.671097
-0.850314	0.611636
-0.819291	0.372532
-0.673221	-0.0537791
-0.520996	-0.31394
-0.670134	-0.257024
-0.664111	-0.248559
-0.681715	-0.240028
-0.59851	-0.264249
-0.544857	-0.175104
-0.567387	0.0414566
-0.62691	0.28909
-0.543619	0.241895
-0.366207	0.237932
-0.0652978	0.195802
0.094322	0.306627
0.0454739	0.445767
0.00976186	0.405937
-0.0865386	0.110519
-0.176288	-0.0278096
-0.271722	-0.0530941
-0.407679	-0.147891
-0.641204	0.128235
-0.952876	-0.180424
-0.742783	-0.226918
-0.685511	0.231654
-1.13758	0.23646
-0.58822	0.467607
-0.470619	0.278498
-0.111274	0.185395
-0.0129285	0.324694
0.0475203	0.403129
0.0696682	0.336851
0.0947907	0.21831
0.0352163	0.193836
0.0483499	0.240506
-0.109529	0.134445
-0.252947	0.231369
-0.393289	-0.0476211
-0.144938	-0.0860986
-0.405913	-0.0949738
-0.650545	-0.104895
-0.724129	-0.143871
-0.812077	-0.189443
-0.586863	-0.0727345
-0.546854	0.139523
-0.0233495	-0.0800365
0.00253921	-0.488203
0.190414	-0.559255
0.0856331	-0.537418
-0.110533	-0.415068
-0.384725	-0.319176
-0.362487	-0.284257
-0.218138	-0.286337
0.117562	-0.172099
0.154176	0.0980772
0.122027	0.0830254
0.19221	-0.0357581
-0.0628256	-0.185816
0.0107393	-0.326415
-0.118172	-0.252598
-0.0250883	-0.476455
-0.061246	-0.457393
-0.237965	-0.293488
-0.0450335	-0.15717
-0.00161902	-0.435783
-0.206387	-0.0877845
-0.41451	-0.0105211
-0.516977	-0.0020904
0.00949866	0.191231
-0.0170284	0.0850493
0.174359	-0.338931
-0.235898	-0.26085
-0.396495	-0.139355
-0.395946	-0.0206596
-0.0342555	0.0555832
0.336998	0.0428093
0.49326	0.193443
0.599023	0.350425
0.533863	0.32357
-0.0331652	0.181385
-0.401729	0.029378
-0.443522	-0.157466
-0.395925	0.0902111
-0.590499	0.084534
-0.574618	-0.0600547
-0.22795	0.061785
-0.0146109	0.537238
0.492945	0.447363
0.316254	0.535249
0.0402921	0.631801
0.046294	0.561447
-0.206664	0.659009
-0.132875	0.558623
-0.0586679	0.494783
-0.158019	0.528453
-0.144132	0.453258
-0.076605	0.452535
-0.107506	0.421836
-0.0640014	0.593579
-0.0212283	0.530641
0.281864	0.179139
0.432182	-0.349691
0.2262	-0.122538
0.0824195	0.00462918
-0.243845	0.174667
-0.252742	0.348521
-0.362095	0.399982
-0.649369	0.44665
-0.788729	0.411746
-0.803533	0.299617
-0.757518	0.223845
-0.71114	0.202289
-0.712697	0.191189
-0.714215	0.1777
-0.665757	0.192579
-0.147213	0.491269
-0.270949	0.494255
-0.33246	0.336753
-0.181854	0.405309
-0.208852	0.306065
-0.384113	0.334922
-0.413174	0.405288
-0.386954	0.224357
-0.346682	0.527607
-0.211773	0.438651
-0.245895	0.419768
-0.325135	0.219774
-0.513491	0.0416262
-0.434518	-0.0184303
-0.395221	-0.117714
-0.296825	-0.227095
-0.217192	-0.396072
-0.348062	-0.178955
0.0231017	-0.246444
-0.0762422	-0.206401
-0.340917	-0.191071
-0.260946	-0.192073
-0.375935	-0.327689
-0.673659	-0.0463676
-0.740505	-0.238382
-0.753389	-0.187364
-0.690119	-0.332807
-0.86336	-0.148659
-0.857296	-0.0773497
-0.590411	-0.132603
-0.629206	-0.195067
-0.567016	-0.206362
-0.692926	-0.152124
-0.274219	-0.165548
-0.213408	-0.199059
0.205342	0.15358
0.35081	0.0840944
0.400167	-0.108552
0.437404	-0.161533
0.291646	-0.256948
0.100706	-0.0317841
-0.310072	0.379226
-0.428907	0.382495
-0.410651	0.246188
-0.543118	0.386355
-0.455516	0.254891
-0.430241	-0.0620607
-0.403132	-0.466436
-0.618651	-0.474118
-0.496264	-0.529571
-0.677057	-0.429259
-0.837276	-0.328557
-0.646153	-0.446867
-0.418137	-0.513998
-0.260798	-0.502439
-0.215785	-0.466719
-0.259764	-0.339288
-0.125459	-0.303937
-0.106639	-0.157754
0.0540653	-0.0620831
-0.0331474	0.103005
-0.0596853	0.137565
-0.38381	0.408472
-0.51966	0.229347
-0.543999	0.283408
-0.579227	0.193307
-0.31291	0.26805
-0.293649	0.0348665
-0.274878	0.0233617
-0.212698	-0.000222918
-0.195177	0.201399
0.0997399	0.0565784
0.179546	-0.0332845
0.0728418	-0.249794
-0.241185	-0.130009
-0.327501	-0.0704494
-0.405881	-0.0214061
-0.279679	-0.0854925
-0.337102	-0.103344
-0.351527	-0.115106
-0.420225	-0.0739184
-0.527514	0.15772
-0.567756	0.523912
-0.476284	0.777779
-0.0829242	0.277863
-0.242875	0.333545
-0.361362	0.448316
-0.259649	0.464386
-0.0127412	0.538162
0.0682073	0.487857
0.216698	0.390624
0.0307587	0.517883
-0.185483	0.158761
-0.000105271	0.0923967
-0.174562	0.0713982
-0.319801	-0.0965896
-0.412681	-0.178982
-0.31392	-0.155147
-0.350934	-0.132356
-0.463897	0.244196
-0.602207	0.303231
-0.606474	0.257405
-0.665928	-0.0896986
-0.680316	-0.134767
-0.622343	-0.22616
-0.964964	-0.217398
-0.824807	0.140697
-0.369275	0.464645
-0.13783	0.448642
-0.514622	0.702829
-0.537827	0.645619
-0.650277	0.668957
-0.617915	0.462744
-0.157702	0.46433
-0.497988	0.198218
-0.698289	0.0840618
-0.759967	0.0808588
-0.804884	-0.0803785
-0.677292	-0.171919
-0.701873	-0.234249
-0.708007	-0.222002
-0.651452	-0.171818
-0.638367	-0.0256168
-0.649059	-0.0267516
-0.396233	-0.156891
-0.00675838	-0.1403
0.0307642	0.182175
0.00445763	0.403225
-0.22689	0.59862
-0.150712	0.137323
-0.412216	0.14019
-0.571335	-0.00663558
-0.473545	0.0339712
-0.568267	-0.214308
-0.458051	-0.338422
-0.218869	-0.317791
-0.254019	-0.15476
-0.282296	-0.0949676
-0.31045	-0.116999
-0.602219	-0.0345296
-0.584019	-0.0511125
-0.341671	0.063433
-0.102737	0.139895
0.0295189	0.1624
0.0674184	0.209931
-0.211279	0.0260866
-0.414862	-0.0822988
-0.421205	-0.198731
-0.614254	0.0292547
-0.652649	-0.00732743
-0.828349	-0.0631699
-0.665329	-0.102325
-0.585617	-0.055397
-0.705952	0.0455321
-0.720638	-0.0410405
-0.606012	-0.120968
-0.437599	-0.145852
-0.527575	0.000334357
-0.795309	0.556916
-0.837508	0.535671
-0.800368	0.491617
-0.832279	0.472142
-0.648498	0.131353
-0.39966	-0.121302
-0.289467	-0.333737
-0.5029	-0.341836
-0.625756	-0.377006
-0.742086	-0.33873
-0.778793	-0.285194
-0.849867	-0.182792
-0.94139	-0.0167689
-0.764148	-0.0137057
-0.471612	0.166652
-0.144443	-0.0145247
-0.351751	-0.0214528
-0.346956	-0.380383
-0.740223	-0.390639
-0.854625	-0.246536
-0.85134	-0.0147842
-0.462177	0.297383
-0.33505	0.567164
-0.0621518	0.573583
-0.254415	0.776291
-0.173569	0.86375
-0.212294	0.899938
-0.264551	0.843182
0.0152654	0.533341
-0.0725217	0.499409
0.0382502	0.60517
0.125715	0.365537
-0.106058	0.312224
-0.0490285	0.458888
-0.0232135	0.39356
-0.0417761	0.413791
-0.0288269	0.425701
-0.143792	0.527919
-0.434252	0.410019
-0.753011	0.113678
-0.524578	0.09445
-0.614204	-0.0177833
-0.794997	-0.00991518
-0.565297	-0.167679
-0.448169	-0.255174
-0.335061	-0.334991
-0.0810409	-0.281225
0.0868009	-0.185982
-0.0641748	0.0444937
-0.291161	0.175538
-0.789504	0.162582
-0.61224	0.0280277
-0.435383	-0.0891176
-0.514022	-0.0805812
-0.401775	-0.120031
-0.517024	-0.117429
-0.532805	-0.243004
-0.885361	-0.227277
-0.622408	-0.337363
-0.231204	-0.278377
0.0760026	0.0254353
0.279009	0.0515062
0.353671	-0.00359142
0.132416	0.177301
-0.402904	0.607615
-0.453421	0.612218
-0.529029	0.679364
-0.560503	0.66898
-0.631476	0.689532
-0.540347	0.503044
-0.694923	0.671631
-0.625639	0.577819
-0.633784	0.550294
-0.673326	0.600134
-0.705022	0.676694
-0.70357	0.604408
-0.470404	0.34261
-0.385532	-0.078821
-0.367559	-0.201567
-0.466943	-0.233014
-0.692021	-0.110548
-0.708257	-0.132778
-0.747799	-0.0901716
-0.416667	-0.203213
-0.488261	0.0176568
-0.380492	0.240404
-0.451816	0.528984
-0.626029	0.540751
-0.803187	0.587125
-0.699377	0.500088
-0.532188	0.414548
-0.315735	0.259072
-0.264881	0.226262
-0.354056	0.175389
-0.0258872	-0.0451365
0.289784	-0.0522649
0.266114	0.258186
0.594597	0.0915854
0.228327	-0.119255
0.262121	-0.34361
0.389383	-0.47488
0.142647	-0.49814
-0.157575	-0.412439
-0.0822639	-0.717303
0.15	-0.355152
0.0320881	-0.235235
-0.437869	-0.123473
0.0721327	0.0177848
0.0754616	-0.0120393
0.0268654	-0.0438371
-0.121526	-0.11568
-0.347989	-0.17001
-0.206696	-0.245553
-0.110049	-0.0659169
-0.0416067	0.305186
-0.394416	0.461481
-0.766694	-0.0537288
-0.623511	-0.0508671
0.0166322	0.10605
0.221464	0.34356
-0.199195	0.130981
-0.42988	-0.0455369
-0.537224	-0.0650836
-0.570667	-0.15814
-0.592989	-0.248429
-0.736859	-0.277029
-0.954482	-0.285336
-0.985342	-0.289354
-0.976777	-0.284359
-0.961009	-0.287973
-0.954105	-0.294648
-1.08032	-0.171302
-1.07932	-0.0623543
-0.601047	-0.151008
-0.682639	-0.164827
-0.286669	0.113834
-0.768913	0.229555
-0.271122	0.263341
-0.69107	0.443863
-0.273161	0.301405
-0.483812	0.453997
-0.226428	0.387054
-0.109351	0.478994
-0.221179	0.330261
-0.129976	0.38027
-0.201322	0.294678
-0.318586	0.0536141
-0.500833	-0.069801
-0.567936	0.068367
-0.669754	-0.213346
-1.1603	-0.621241
-0.924211	-0.360488
-0.744025	-0.196893
-0.664721	-0.273259
-0.735582	-0.235005
-0.722386	-0.245839
-0.701969	-0.285045
-0.788373	-0.207177
-0.707691	-0.124423
-0.777118	-0.320709
-0.728692	-0.292289
-0.682087	-0.245408
-0.772996	-0.478083
-0.691082	-0.166042
-0.605126	-0.342486
-0.625142	-0.202584
-0.810657	-0.113352
-0.850868	-0.265447
-0.707736	-0.442908
-0.597022	-0.341353
-0.363125	0.00699886
0.317591	0.417441
0.0728746	0.556543
-0.102434	0.717906
-0.229133	0.868798
-0.228859	0.813611
-0.417895	0.772031
-0.278233	0.867308
-0.296163	0.870138
-0.298504	0.84996
-0.2964	0.882567
-0.330677	0.855884
-0.308607	0.836735
-0.24901	0.77638
-0.26022	0.839269
-0.21502	0.829693
-0.218114	0.758449
-0.204967	0.353648
0.0617421	0.35841
0.181294	0.239847
0.369779	-0.0199983
0.508485	-0.301983
0.624628	-0.124167
0.332143	-0.0381898
-0.000708532	-0.0987015
-0.288297	-0.192435
-0.154739	-0.370026
-0.381414	-0.328644
-0.285605	-0.603382
-0.378611	-0.355744
-0.503357	-0.332326
-0.420432	-0.191154
-0.608803	0.0410318
-0.789301	0.207379
-0.728376	-0.0807637
-0.569423	-0.393713
-0.841548	-0.285224
-0.940982	-0.139981
-0.870926	-0.0539824
-0.802215	0.122406
-0.609702	0.352129
-0.398714	0.565056
-0.133973	0.717896
0.0141425	0.78427
0.0285903	0.286549
-0.0167924	0.251084
0.0543648	0.331662
-0.00693376	0.32637
0.0988832	0.469747
0.017258	0.41123
-0.0767572	0.436573
-0.00704566	0.565238
-0.135447	0.498043
-0.406522	0.108853
-0.774317	0.19409
-0.587222	-0.124459
-0.763246	-0.103687
-0.783127	-0.196194
-0.754875	-0.208151
-0.712663	0.0278501
-0.675979	0.0918451
-0.583061	0.0836703
-0.531704	-0.0164907
-0.659	-0.170035
-0.611312	-0.188012
-0.63623	-0.165394
-0.708569	-0.0473804
-0.476437	-0.0086786
-0.207154	0.0785365
-0.31862	-0.0167118
-0.361481	0.108711
-0.334838	-0.0437062
-0.215205	-0.354472
0.0411626	-0.336529
-0.274554	-0.263835
-0.21927	-0.230596
-0.409793	-0.2532
-0.148183	0.0397945
-0.0167886	0.456849
-0.368523	0.493252
-0.244426	-0.0584682
-0.408052	0.135945
-0.432733	0.180555
-0.329343	0.241755
-0.378962	0.460646
-0.225446	0.374135
-0.00439797	0.0531207
0.0347806	-0.0845411
-0.0782824	-0.0544658
-0.365319	0.465407
-0.658705	0.873503
-0.627408	0.774448
-0.740148	0.785363
-0.844916	0.755063
-0.900498	0.70767
-0.632291	0.445474
-0.303509	0.0710556
-0.630248	-0.252159
-0.467603	-0.369553
-0.515747	-0.36372
-0.539764	-0.34582
-0.531486	-0.153739
-0.266151	-0.196142
-0.00343816	0.171692
-0.0150004	-0.121545
0.0340081	-0.370693
-0.0291019	-0.455727
-0.0736283	-0.479227
-0.23786	-0.413343
-0.418315	-0.30989
-0.539736	-0.110027
-0.424164	0.0897781
-0.343956	0.203951
-0.42683	0.0132606
-0.362117	0.337285
-0.304989	0.172424
-0.230999	-0.0087525
-0.504905	-0.0783039
-0.499991	-0.062975
-0.580974	-0.0232002
-0.41037	-0.163988
-0.455964	-0.133236
-0.475757	-0.1452
-0.475159	-0.182919
-0.561032	-0.224406
-0.724933	-0.188129
-0.706389	-0.262479
-0.588991	-0.324566
-0.435415	-0.38865
-0.195656	-0.427448
-0.243794	-0.137262
-0.409596	0.146148
-0.833253	0.607573
-1.09348	0.506011
-0.96686	0.363603
-0.522999	0.40581
-0.111047	0.209095
-0.277721	0.196472
-0.099827	0.044566
-0.0723804	0.202731
-0.347055	0.256464
-0.404722	0.369812
-0.276207	0.408275
-0.312244	0.32465
-0.239705	0.430284
-0.100931	0.439929
-0.358137	0.43471
-0.146322	0.454949
-0.128022	0.713224
-0.212106	0.665486
-0.259334	0.632597
-0.259355	0.779392
-0.295126	0.796406
0.00414905	0.780172
-0.0824426	1.00698
-0.0678917	0.995317
-0.0349386	1.06107
0.00454106	0.967449
-0.133402	0.83696
-0.295541	0.810448
-0.284055	0.626602
-0.225859	0.349313
-0.459656	0.257909
-0.667616	0.336887
-0.764262	0.31525
-0.56522	0.271261
-0.743351	0.258534
-0.571098	0.500697
-0.605198	0.258283
-0.496889	0.263991
-0.506232	0.302899
-0.582546	0.169622
-0.539463	0.0724655
-0.841196	0.191686
-0.744631	-0.0154155
-0.663713	-0.226092
-0.629899	-0.397855
-0.664272	-0.249558
-0.656275	-0.347894
-0.70627	-0.323897
-0.845475	-0.114969
-0.517693	-0.305868
-0.726062	-0.222276
-0.756749	-0.17497
-0.731793	-0.274352
-0.719312	-0.194842
-0.634399	-0.34758
-0.876142	-0.256265
-0.800117	-0.19561
-0.850803	-0.218896
-0.851546	-0.20181
-0.982099	-0.267426
-0.750608	-0.291001
-0.698049	-0.385223
-0.860631	-0.279122
-0.864884	-0.406158
-0.684904	-0.229362
-0.336641	0.286553
-0.473041	0.234075
-0.496456	0.189979
-0.316594	0.373581
-0.284922	0.494782
-0.34556	0.177977
-0.410961	0.39415
-0.298598	0.670372
-0.0756981	0.564037
0.360093	0.329254
0.0836833	0.197877
-0.0587704	-0.0175227
-0.108388	-0.106701
-0.0788752	-0.246435
-0.378671	-0.0532997
-0.465713	-0.0191947
-0.479127	0.0444495
-0.364598	0.101838
-0.0506369	0.273455
-0.204328	0.467272
-0.238444	0.369739
-0.318015	0.390257
-0.327264	0.357111
-0.556571	0.502005
-0.613228	0.642192
-0.608963	0.686382
-0.394462	0.720049
-0.0617437	0.549651
-0.0252965	0.506008
-0.108104	0.546617
0.0678983	0.435786
-0.0047268	0.448582
0.211585	0.486824
0.343398	0.366096
0.133145	0.483726
0.211544	0.507344
-0.390229	0.868001
-0.628419	1.02519
-0.762635	0.952378
-0.918322	0.874005
-0.938465	0.698586
-0.743736	0.351752
-0.562501	0.0984684
-0.423284	-0.0396956
-0.346829	-0.0838778
-0.256717	-0.0890846
-0.113843	-0.167428
-0.0484093	-0.149669
0.0605251	-0.17305
0.116876	-0.177582
0.155779	-0.139251
0.122158	0.0124498
-0.127362	0.19146
-0.203187	0.0762025
-0.316309	-0.196753
-0.286009	0.0191404
-0.132987	0.283943
0.0867415	-0.222693
0.0935093	-0.208863
0.0264575	-0.173618
-0.0399887	-0.0898746
-0.0937797	0.00565309
-0.131944	0.120957
-0.247628	0.279638
-0.360811	0.525268
-0.522004	0.680642
-0.306312	0.603483
-0.217864	0.722441
-0.0374085	0.688014
-0.0307084	0.673916
-0.0311777	0.69878
0.10763	0.483344
0.0509144	0.215537
-0.361823	0.25507
-0.416658	-0.0676195
-1.07834	-0.0610766
-0.800593	-0.0696284
-0.43212	0.216365
-0.582147	0.31648
-0.376209	0.2246
-0.215493	0.189588
-0.368968	0.0146675
-0.386984	-0.0732856
-0.345905	0.0818954
-0.264258	0.498249
-0.358993	0.40592
-0.528526	0.396188
-0.642776	0.430361
-0.771734	0.506636
-0.743977	0.456565
-0.799936	0.456187
-0.766987	0.287264
-0.547067	-0.294654
-0.449439	-0.349134
-0.463906	-0.308402
-0.598825	-0.107753
-0.462768	-0.0864194
-0.350919	0.0248743
-0.240549	0.191295
-0.247364	0.377265
-0.147197	0.516328
-0.0953628	0.754929
-0.301417	0.880751
-0.211457	0.903766
-0.164934	0.916474
-0.146675	0.902159
-0.120396	0.88983
-0.115922	0.89726
-0.180043	0.836513
-0.207141	0.81012
-0.259407	0.745217
-0.466647	0.659868
-0.700742	0.570501
-0.750589	0.369994
-0.786455	0.172483
-0.848829	0.0429081
-0.802501	-0.0787625
-0.66734	-0.196718
-0.646014	-0.0203894
-0.548382	0.187597
-0.270804	0.212554
-0.0970046	0.343242
-0.199853	0.47374
-0.126062	0.627222
-0.291433	0.498471
-0.0488687	0.493667
-0.141764	0.507225
-0.208878	0.329764
-0.278877	0.176507
-0.523881	0.177472
-0.634812	0.00584746
-0.685509	-0.15585
-0.613403	-0.225084
-0.751426	-0.293502
-0.618103	0.0102929
-0.366745	0.20899
-0.366703	-0.3159
-0.40218	-0.318925
-0.703308	-0.262127
-0.857674	-0.241002
-0.736636	-0.276376
-0.80232	-0.161845
-0.843597	-0.0362443
-0.578878	-0.0284886
-0.260647	-0.144863
-0.55402	-0.257786
-0.428161	-0.376707
-0.438286	-0.213733
-0.543378	-0.0880971
-0.570083	-0.0923553
-0.4517	-0.130018
0.285723	-0.552558
0.450411	-0.730641
0.184472	-0.411584
-0.401851	0.0534781
-0.569573	0.376119
-0.438458	0.329022
-0.706789	0.0413778
-0.581204	0.0114494
-0.436734	-0.0813639
-0.677956	-0.257652
-0.903145	-0.277538
-0.619519	-0.240646
-0.576012	-0.293941
-0.0319647	0.0767099
0.19188	0.457859
0.284653	0.579171
0.224023	0.563419
0.173969	0.585332
0.269868	0.575273
0.25987	0.489789
0.38819	0.157894
0.0668741	-0.0886004
-0.0570209	-0.217032
0.125177	-0.469199
0.0372113	-0.322267
0.0475941	-0.229844
-0.107277	-0.230929
-0.160374	-0.191737
-0.184853	-0.0357882
-0.351184	0.172607
-0.301451	0.60207
-0.256892	0.644302
-0.183222	0.743349
-0.231934	0.806702
-0.229347	0.866886
-0.383938	0.926562
-0.460729	0.652665
-0.62103	0.733794
-0.663004	0.580243
-0.63628	0.427258
0.000489096	0.248211
-0.0530683	0.281504
0.0380999	0.131408
0.15865	0.164089
0.145686	0.125467
0.0026235	0.374012
0.0362244	0.281791
-0.157913	0.434412
-0.301627	0.143569
-0.509851	0.157859
-1.02642	0.480773
-0.823781	0.473438
-0.720241	0.453462
-0.57569	0.393795
-0.388235	0.332525
-0.204271	0.396168
-0.0928573	0.513092
-0.0532733	0.106011
-0.282661	-0.101525
-0.363928	-0.247335
-0.147971	0.0188416
-0.192765	-0.154783
-0.140175	-0.305844
-0.241483	-0.079685
-0.22531	-0.0795156
-0.206514	-0.00747899
-0.120949	0.0640817
-0.134407	0.0736485
-0.201938	0.12952
-0.202386	0.195561
-0.336551	0.219729
-0.0893255	-0.126077
-0.266836	-0.372363
-0.254147	-0.324714
-0.170657	-0.442655
-0.408687	-0.243333
0.0782752	-0.38742
0.0123675	-0.365902
-0.115286	-0.268974
0.0442609	-0.26485
-0.0159187	-0.207608
0.070948	-0.180537
0.0957986	-0.448107
0.20007	-0.268964
0.171897	-0.365689
0.0585884	-0.415771
0.0915084	-0.519844
0.0273334	-0.420167
-0.219664	-0.463298
-0.385116	-0.383933
-0.475355	-0.450304
-0.745367	-0.136358
-0.600788	-0.196451
-0.626351	-0.1699
-0.660294	-0.35062
-0.773307	-0.0202316
-0.632959	-0.105811
-0.769481	0.0690947
-0.734253	-0.164348
-0.725206	-0.156577
-0.777335	-0.178846
-0.793103	-0.256489
-1.03305	-0.329113
-0.880706	-0.533525
-0.874007	-0.533162
-0.837767	-0.356469
-0.999834	-0.413394
-0.916309	-0.241932
-1.04246	-0.358942
-1.0713	-0.420952
-0.92886	-0.2266
-1.00742	-0.362511
-0.915745	-0.389321
-0.881544	-0.242159
-1.01802	-0.223085
-0.793136	-0.00706153
-1.05008	-0.38227
-0.930197	-0.293387
-0.308119	-0.127765
-0.616456	-0.0194167
-0.048776	0.189136
-0.144366	0.350045
-0.229013	0.243512
-0.233696	0.035166
-0.437233	-0.0950461
0.541223	0.881714
0.569306	0.942221
0.391133	0.967748
0.535007	0.971586
0.277817	0.910886
0.376597	0.922269
0.396311	0.95926
0.386824	0.886727
0.320585	0.919899
0.46301	0.850035
-0.191382	0.538355
-0.171079	0.185356
-0.466301	-0.0215245
-0.577683	0.07029
-0.492444	-0.0486197
-0.430067	-0.0215504
-0.770157	0.254639
-0.446845	0.240629
0.222389	0.682121
-0.247399	0.952154
-0.320958	0.714555
-0.32317	0.540942
-0.526238	0.478547
-0.579379	0.349129
-0.772829	0.419281
-0.84437	0.499847
-0.864621	0.638768
-0.690807	0.704886
-0.504183	0.784065
-0.21803	0.896055
0.0986709	0.969936
0.302648	0.886781
-0.0908843	0.750755
-0.23505	0.530794
-0.181417	0.634278
-0.0931215	0.715263
-0.126717	0.713909
0.0283137	0.783218
0.0678523	0.854172
-0.00594095	0.855587
-0.257838	0.596236
-0.421063	0.336248
-0.588484	0.216687
-0.448197	0.0695125
-0.637539	0.11984
-0.467775	-0.0286832
-0.429572	-0.103121
-0.349206	-0.137631
-0.163495	-0.0610086
-0.270826	0.249728
-0.503763	0.604699
-0.215529	0.417841
0.0419085	0.256983
-0.329519	0.127745
-0.465776	-0.0657736
-0.476165	-0.125893
-0.506764	-0.0909482
-0.608942	-0.0941138
-0.581341	0.0524369
-0.66052	-0.0501081
-0.693645	-0.0313287
-0.557369	0.110727
-0.399393	-0.0578131
-0.417764	-0.151691
-0.542325	-0.314844
-0.706137	-0.200713
-0.731405	-0.106096
-0.537523	-0.082094
-0.269943	0.0595644
-0.213402	0.347596
-0.397304	0.631622
-0.351646	0.610225
-0.398193	0.601954
-0.678476	0.703731
-0.802769	0.696924
-0.726471	0.557193
-0.782279	0.604545
-0.946927	0.607256
-0.939656	0.527303
-0.895513	0.487754
-0.534994	0.21767
-0.607908	0.10178
-0.734923	0.358769
-0.700035	0.58384
-0.557781	0.735265
-0.40273	0.772598
-0.359534	0.698282
-0.294037	0.617227
-0.319918	0.57569
-0.00698719	0.432461
0.115014	0.303239
0.23112	0.364325
0.293506	0.243001
0.278231	0.203335
0.453322	0.18447
0.284922	-0.0926057
0.0739518	-0.216003
-0.18282	-0.365833
-0.199757	-0.319695
-0.0293028	-0.0633862
0.181633	0.284885
-0.0982145	-0.131509
-0.0557846	-0.203664
-0.0979841	-0.25669
-0.345317	-0.186335
-0.483609	0.0343729
-0.59433	0.36034
-0.5687	0.501946
-0.59134	0.542548
-0.618607	0.523926
-0.680999	0.48623
-0.72042	0.442869
-0.802309	0.376305
-0.839195	0.255468
-0.883555	0.179022
-0.995853	0.088952
-0.954206	-0.0132533
-0.422993	0.0057414
-0.0829414	-0.0237618
0.129946	0.211819
0.0644612	-0.0994465
0.185376	-0.352613
0.216337	-0.50509
0.0486244	-0.356384
-0.345659	-0.546646
-0.392687	-0.525026
-0.567848	-0.194206
-0.546594	-0.124753
-0.34224	-0.513108
-0.462654	-0.320345
-0.2417	-0.179865
-0.0935443	-0.438572
-0.366578	-0.56067
-0.483193	-0.231772
-0.549009	0.00716605
-0.801421	0.365798
-0.869496	0.421491
-0.832731	0.467878
-0.719798	0.352478
-0.665065	0.310495
-0.4669	0.356909
-0.162467	0.289318
0.00178794	0.318926
-0.0330992	0.281017
-0.251263	0.347714
-0.197095	0.0039845
-0.646638	-0.00668046
-0.744496	-0.078693
-0.847792	-0.118173
-0.369443	-0.12056
-0.302761	-0.0625455
-0.785707	0.337405
-0.399666	0.316933
-0.339632	0.598734
-0.483044	0.413888
-0.463393	0.377362
-0.515338	0.259412
-0.684109	0.220876
-0.76802	0.23128
-0.824705	0.268714
-0.798263	0.360478
-0.699183	0.356278
-0.69517	0.292682
-0.732014	0.35187
-0.651324	0.348305
-0.648194	0.292285
-0.493726	0.214253
-0.180202	0.274638
-0.175344	0.284909
-0.292618	0.226354
-0.184775	0.299095
-0.265293	0.186925
-0.38139	0.299014
-0.303001	0.468435
-0.200234	0.845794
0.329914	0.834727
0.415542	0.859158
0.239769	0.799191
0.267038	0.587711
0.301271	0.794141
0.271803	0.819892
0.227144	0.431868
0.148292	0.507505
0.292103	0.100798
0.132813	-0.00870389
0.117236	0.107842
0.244026	-0.0101226
0.321762	-0.113926
0.315783	-0.10819
0.122643	-0.0531605
-0.0300136	-0.00605874
-0.321328	-0.0518966
-0.212242	-0.284673
-0.0904201	-0.0466391
-0.0827227	-0.129394
0.106743	-0.19117
0.151172	-0.228025
0.0715711	-0.274718
-0.0577876	-0.0292747
-0.239037	-0.0890466
-0.11094	-0.184714
-0.492367	-0.16793
-0.217772	-0.148573
-0.450826	-0.148255
-0.398801	-0.202147
-0.724742	-0.223316
-0.623517	-0.302046
-0.665826	-0.191928
-0.471	-0.0550376
-0.513942	0.0471108
-0.679677	-0.260215
-0.80661	-0.277747
-0.631359	-0.108026
-0.697562	-0.200202
-0.591204	-0.229809
-0.828531	-0.22931
-0.763542	-0.285821
-0.725165	-0.413717
-0.902865	-0.479347
-0.903502	-0.414495
-0.734869	-0.312033
-0.458312	-0.346289
-0.330255	-0.418299
-0.328874	-0.391954
-0.254898	-0.20732
-0.401113	-0.351145
-0.441047	-0.104924
-0.4493	-0.105244
-0.32287	-0.0420782
-0.263959	0.160167
-0.266546	0.784536
-0.361422	0.822786
-0.510602	0.873825
-0.416404	0.892541
-0.339284	0.906191
-0.410195	0.940792
-0.0666812	0.814384
0.11925	0.584018
0.0663002	0.671037
-0.0732415	0.096591
-0.220125	0.0313905
-0.286862	-0.076794
-0.252279	-0.202597
-0.385066	-0.0762268
-0.277239	-0.105499
-0.507695	-0.314242
-0.822273	-0.254329
-0.391229	-0.0344994
-0.533723	0.168417
-0.573575	0.00976951
-0.72255	-0.118062
-0.896491	-0.174678
-1.00869	-0.167776
-0.870728	-0.33386
-0.916097	-0.337684
-0.901764	-0.357062
-0.920473	-0.374013
-1.01967	-0.342242
-1.07947	-0.284777
-1.1311	-0.236582
-1.12326	-0.236341
-1.11334	-0.189321
-1.07362	-0.144991
-0.979488	-0.0559944
-0.845154	0.0455838
-0.694603	0.0956658
-0.62285	0.156132
-0.62805	0.426487
-0.431464	0.424652
-0.24359	0.32635
-0.172472	0.246666
-0.229673	0.35306
-0.0615679	0.367407
0.170885	0.157392
0.161666	0.346368
-0.114236	0.382518
-0.275528	0.334241
-0.108823	-0.159206
0.0532623	-0.304587
0.112871	-0.154773
0.0690187	-0.300965
0.13623	-0.268859
-0.0716146	-0.133584
-0.352751	0.0644338
-0.283074	0.127468
-0.617924	-0.0853434
-0.44041	0.0603802
-0.372129	0.278082
-0.427799	0.0363704
-0.58865	-0.321845
-0.532069	-0.320052
-0.673223	-0.263307
-0.623739	-0.254378
-0.986145	-0.147315
-0.823847	-0.330885
-0.703744	-0.330071
-0.764759	-0.287545
-0.532945	-0.00752283
-0.6949	0.075217
0.0704813	0.0893896
-0.0787048	0.3328
-0.186011	0.513447
-0.0571324	0.385769
-0.0837161	0.376341
-0.463264	0.658948
-0.646595	0.758223
-0.531039	0.756284
-0.537651	0.741045
-0.500337	0.705653
-0.51619	0.727195
-0.399658	0.566256
-0.436533	0.431518
-0.499325	0.508
-0.506233	0.391833
-0.725406	0.53016
-0.628051	0.469646
-0.746619	0.448852
-0.873491	0.481725
-0.800475	0.43107
-0.583906	0.128095
-0.556017	0.0647657
-0.652737	0.164745
-0.691817	0.226898
-0.674211	0.263599
-0.716121	0.303631
-0.713508	0.351544
-0.675417	0.346788
-0.719422	0.355159
-0.719083	0.353111
-0.683421	0.339215
-0.748707	0.384204
-0.750499	0.422049
-0.729279	0.393438
-0.325439	0.177657
-0.0213147	0.200303
-0.150679	0.562455
0.0782888	0.282223
0.127493	0.00570916
-0.135459	-0.0818304
-0.225545	-0.0735377
-0.303045	-0.0963406
-0.216874	-0.291162
-0.297363	-0.32441
-0.266217	-0.237885
-0.270953	-0.317722
-0.363244	-0.453187
-0.463223	-0.193281
-0.162219	-0.114427
0.0608975	0.0189582
-0.597324	-0.168335
-0.982425	-0.104499
-0.645411	-0.207441
-0.827672	-0.180318
-0.687331	-0.257766
-0.665951	-0.249834
-0.615019	-0.312081
-0.749645	-0.354409
-0.844754	-0.279508
-0.732822	0.406838
-0.773466	0.747075
-0.805367	0.20675
-0.413328	0.3782
-0.0851336	0.502444
-0.449379	0.3688
-0.244262	0.185162
0.166593	0.262655
0.453298	0.261812
0.254113	0.259983
0.099872	0.173877
0.124554	0.267564
0.343922	0.20805
0.402346	0.193735
0.574804	0.305806
0.472468	0.307403
0.392772	0.330635
0.0741071	0.289625
-0.166428	0.450701
-0.317244	0.635831
-0.291381	0.7392
-0.229216	0.793822
-0.224273	0.673184
-0.0720751	0.482494
-0.0366854	0.535115
0.00232737	0.354619
0.0591363	0.198263
-0.0791508	0.413424
-0.0849554	0.209011
-0.226527	0.305409
-0.0846213	0.200684
-0.111653	0.323198
-0.0775881	0.407201
-0.345379	0.300588
-0.570864	0.136751
-0.529928	0.292748
-0.321056	0.656379
-0.149459	0.864572
-0.181891	0.9361
-0.159198	0.961905
-0.0271762	0.983055
-0.0390592	0.998425
-0.112805	0.973721
-0.0853949	0.968071
-0.00690082	0.978313
-0.00307922	1.01824
-0.0188472	0.981368
-0.0914605	0.938092
-0.159423	0.858959
-0.263929	0.787861
-0.375196	0.738386
-0.481107	0.615947
-0.555756	0.447756
-0.520557	0.317445
-0.492112	0.185556
-0.579187	0.125817
-0.717237	0.114151
-0.372104	0.0462376
-0.508525	0.0202705
-0.463845	0.0327462
-0.522409	-0.0750024
-0.514746	0.0696771
-0.339147	0.13297
-0.398901	0.0733869
-0.272296	0.176775
-0.367531	-0.15391
-0.594637	0.0600261
-0.703942	-0.248569
-0.574055	-0.362251
-0.527749	-0.30581
-0.361188	-0.311677
-0.400004	-0.298461
-0.427139	-0.272934
-0.386509	-0.373327
-0.284117	-0.0572151
-0.0564424	-0.00571564
-0.13699	-0.366158
-0.105521	-0.524812
-0.172813	-0.650857
-0.377814	-0.701359
-0.504336	-0.574418
-0.600977	-0.299552
-0.51794	-0.208755
-0.621321	-0.287106
-0.631436	-0.410654
-0.629326	-0.314894
-0.61316	-0.289028
-0.674649	-0.161732
-0.797983	-0.197113
-0.769717	-0.166421
-1.03135	-0.211575
-1.06567	-0.017207
-0.739774	-0.140454
-0.870476	-0.0865443
-0.86967	-0.15433
-0.78634	-0.0191793
-0.866438	0.121933
-0.915747	0.015475
-0.49342	0.364538
-0.50436	0.347311
-0.489959	0.351573
-0.395996	0.372043
-0.50643	0.462988
-0.503927	0.52979
-0.498162	0.617233
-0.493633	0.717042
-0.367965	0.692734
-0.312277	0.639219
-0.417108	0.644234
-0.549273	0.58215
-0.629484	0.514364
-0.729222	0.413795
-0.767993	0.334113
-0.784929	0.242667
-0.657937	0.0836267
-0.576368	0.113541
-0.739223	0.522652
-0.502508	0.501749
-0.508557	0.597809
-0.464158	0.625282
-0.281839	0.477605
-0.286229	0.577132
-0.181341	0.127499
-0.421507	-0.0631903
-0.737181	-0.156053
-0.880083	-0.141234
-0.811968	-0.185157
-0.599664	-0.061472
-0.678104	-0.0851895
-0.829235	-0.0340055
-0.858242	-0.101749
-0.881762	-0.156959
-0.865849	-0.199906
-0.835898	-0.23991
-0.849581	-0.250034
-0.811351	-0.217875
-0.845168	0.378798
-0.652923	0.602051
-0.328789	0.413385
-0.206959	0.461287
-0.0487764	0.484287
0.034643	0.512612
-0.188005	0.535044
0.0585413	0.209895
-0.202661	-0.0577704
-0.00958856	-0.232031
-0.308038	-0.00292303
-0.405945	0.0843375
-0.210139	-0.128042
-0.327839	-0.103505
-0.288619	-0.063958
-0.655014	-0.0886721
-0.677897	0.0751138
-0.539645	0.0562017
-0.615588	-0.173629
-0.515535	-0.350875
-0.713346	-0.256894
-0.735451	-0.288374
-0.698839	-0.305677
-0.627282	-0.31234
-0.589887	-0.280653
-0.493495	-0.217977
-0.309289	-0.190475
-0.195816	-0.0539513
-0.0763046	-0.108085
-0.27512	-0.137817
-0.429136	-0.0278839
-0.414905	-0.42088
-0.560639	-0.295029
-0.411351	-0.39139
-0.369714	0.0012042
-0.140777	-0.0631988
-0.117246	-0.230018
-0.397686	-0.201855
-0.490286	-0.319633
-0.481658	-0.241399
-0.556314	-0.153359
-0.543253	-0.113579
-0.522434	0.0483086
-0.244601	0.100335
0.133667	0.0667292
0.00222768	0.0550623
-0.197056	0.170356
0.115676	-0.0148053
0.0418851	-0.11004
0.448262	-0.218878
0.448177	0.144918
0.377437	0.178144
0.361341	0.208764
0.181436	0.117549
-0.18126	0.268337
-0.235712	0.210429
-0.124409	0.164772
-0.119563	0.186661
-0.461287	0.349619
-0.806928	0.394777
-0.744628	0.350596
-0.909605	0.538468
-0.847586	0.595494
-0.653577	0.449006
-0.486203	0.124298
-0.298068	-0.199565
-0.497659	-0.251011
-0.457652	-0.203592
-0.604033	-0.0733328
-0.486336	0.0076636
-0.734147	0.739251
-0.6857	0.745077
-0.607273	0.855208
-0.527805	0.796042
-0.21291	0.834355
0.0406897	0.495133
-0.0163883	0.187754
-0.379016	0.110691
-0.290834	-0.220402
-0.552332	-0.0727956
-0.526624	-0.073643
-0.252327	-0.175772
0.162201	0.0197214
-0.0765703	0.0100949
0.0566375	-0.0837671
-0.0539303	0.00199293
0.060424	-0.017528
0.146382	0.015134
0.251973	-0.0288107
-0.14224	0.213808
-0.406455	0.181418
-0.485311	-0.0158074
-0.542449	0.0388186
-0.552385	-0.165449
-0.767635	-0.244133
-0.723812	-0.136378
0.0239701	-0.0376232
-0.234265	0.053055
-0.251958	-0.200585
-0.292759	-0.259804
-0.171488	-0.330951
-0.224599	-0.132019
-0.487485	0.144444
-0.513295	0.208432
-0.484762	0.233322
-0.454372	0.235801
-0.503009	0.17525
-0.460767	0.292184
-0.533497	0.285107
-0.441525	0.233842
-0.266562	0.262176
-0.20643	0.249512
-0.230835	0.169678
-0.127389	0.00861148
-0.0868835	0.399593
-0.190848	0.595875
-0.264836	0.756541
-0.398499	0.808537
-0.402828	0.671025
-0.0608469	1.00489
-0.0827276	1.08647
-0.112085	1.0985
-0.209073	1.20626
0.0618475	1.0323
-0.0373541	0.955092
-0.080613	1.06453
-0.20239	1.0629
-0.301369	1.13327
-0.307883	0.985434
-0.322439	0.85761
-0.496071	0.637402
-0.268486	0.712815
-0.378209	0.391024
-0.285317	0.0987008
-0.443591	-0.0872475
-0.433935	-0.131423
-0.496487	-0.21014
-0.385746	-0.289467
-0.324368	-0.319564
-0.472813	-0.392977
-0.477778	-0.243434
-0.52193	-0.375807
-0.667409	-0.238839
-0.548981	-0.235374
-0.774614	-0.520417
-0.70879	-0.478674
-0.677344	-0.416562
-0.79509	-0.404224
-0.854207	-0.120302
-0.747081	-0.412934
-0.77962	-0.408526
-0.802704	-0.404847
-0.802441	-0.299907
-0.836278	-0.144407
-0.937607	-0.389896
-0.846214	-0.320776
-0.718498	-0.336924
-0.788728	-0.121827
-1.10587	-0.0228172
-0.855394	-0.317862
-0.705808	-0.384122
-0.7974	-0.355027
-0.702435	-0.337509
-0.617879	-0.19268
-0.688435	-0.226285
-0.762314	-0.200711
-0.750406	-0.292881
-0.517251	-0.212262
-0.85496	-0.140884
-0.61259	-0.0799511
-0.24573	0.100881
0.0554677	0.283145
-0.253781	0.247792
-0.523519	0.339524
-0.627802	0.333962
-0.314769	0.340363
-0.462167	0.113613
-0.777806	-0.0678722
-0.669029	-0.111415
-0.535157	-0.204307
-0.389933	-0.2324
-0.345425	-0.154829
-0.153309	-0.0607699
-0.0874352	0.162134
0.332482	0.271288
0.0722185	-0.0882089
0.232697	-0.362911
0.0122812	-0.539669
-0.282872	-0.478993
-0.162917	-0.494666
-0.350703	-0.298912
-0.25701	-0.348818
-0.0950711	-0.0677734
-0.252245	-0.0832329
-0.251676	-0.20208
-0.288726	-0.156314
-0.522121	-0.0707099
-0.697371	-0.141897
-0.703316	-0.169507
-0.380729	-0.218079
-0.304174	0.072326
-0.197806	0.142886
-0.147504	0.119755
0.026825	-0.0480182
0.174517	-0.0580102
-0.0216047	0.0901193
-0.0550756	0.0529527
-0.194965	0.0722067
-0.733701	0.181113
-0.621884	0.0790198
-0.211544	0.282556
-0.336899	0.0636877
-0.111201	-0.258313
-0.169647	-0.241451
-0.202118	-0.270266
-0.191723	-0.266332
-0.322615	-0.214679
-0.298947	-0.203103
-0.433892	-0.210036
-0.361192	-0.287758
-0.293192	-0.338737
-0.227238	-0.376427
-0.414094	-0.432188
-0.41591	-0.56155
-0.511817	-0.42661
-0.567382	-0.394166
-0.919863	-0.0514179
-0.778772	0.0387716
-0.712361	0.0833483
-0.580842	0.154821
-0.398357	0.306546
0.153014	0.0688302
0.295549	0.0126486
-0.014773	0.00964823
0.0422417	-0.142649
-0.121889	-0.336923
-0.423441	-0.479285
-0.511607	-0.41167
-0.427125	-0.180223
-0.396815	-0.178984
-0.0709661	0.158439
0.134399	0.0106069
0.127059	0.259283
0.0508595	0.199555
-0.194767	0.10397
-0.267712	-0.045922
0.0885637	0.00291754
0.190836	0.235028
0.264488	0.187848
0.389211	-0.0751516
-0.00178324	-0.0291769
-0.55566	0.0417376
-0.467373	0.125412
-0.36004	0.0309559
-0.34247	-0.354113
-0.700807	-0.149149
-0.596844	-0.2094
-0.384719	-0.264958
-0.765862	-0.058158
-0.430624	0.199854
-0.630976	-0.0109373
-0.578271	-0.0277139
-0.648075	0.0269001
-0.656652	0.0647123
-0.655354	0.133461
-0.684699	0.335106
-0.472605	0.380738
-0.365003	0.495137
-0.266418	0.514749
-0.369662	0.328195
-0.266724	0.443679
-0.367274	0.271536
-0.441956	0.0874013
-0.59828	-0.0865816
-0.219797	-0.196927
-0.279511	-0.182992
-0.222972	-0.0949996
0.1424	0.018015
-0.389538	0.175997
-0.132535	0.0548813
-0.173947	0.10814
-0.172546	0.00799422
-0.293568	-0.0973098
-0.362854	-0.0979652
-0.308792	-0.181435
-0.264648	-0.246246
-0.150152	-0.18659
-0.0176242	-0.0978158
0.0168566	0.143556
-0.0862616	0.0648936
-0.089618	0.160738
-0.508576	-0.255382
-0.447832	-0.19615
-0.293699	-0.0864715
-0.68721	-0.122686
-0.681461	-0.0359615
-0.418348	0.320714
-0.131637	0.133291
-0.818538	0.322418
-1.05086	0.30715
-0.26853	0.597753
-0.934214	0.551441
-0.808812	0.310631
-0.833746	0.228778
-0.692307	0.271071
-0.839721	0.305064
-0.844896	0.333382
-0.938936	0.34331
-1.00107	0.277826
-0.982426	0.333862
-0.990557	0.30668
-0.905643	0.275716
-0.855139	0.253452
-0.725034	0.318571
-0.712272	0.450757
-0.6014	0.470642
-0.54024	0.442746
-0.559125	0.344014
-0.50707	0.301221
-0.59746	0.412612
-0.519304	0.759311
-0.315981	1.03823
-0.137678	1.11205
-0.02176	0.99035
0.075447	0.905511
0.0539807	0.923307
0.0441434	0.979528
0.0214337	0.966437
0.0197479	0.814608
0.0864922	0.562141
-0.112537	0.364245
0.0992109	0.110393
-0.0649877	-0.105629
-0.0440945	-0.209438
-0.0691547	-0.256911
0.00439081	-0.53987
0.206283	-0.45286
0.270374	-0.19618
-0.183082	-0.207579
-0.142724	-0.333716
-0.169325	-0.312789
-0.114791	-0.282649
-0.0401272	-0.282297
-0.280919	0.0222631
-0.191634	0.063704
-0.250014	-0.25887
-0.0747125	-0.481889
-0.207846	-0.257752
-0.321113	-0.467033
-0.313983	-0.26117
-0.322406	-0.632203
-0.618539	-0.491341
-0.486556	-0.34221
-0.740925	-0.385862
-0.66208	-0.310411
-0.700243	-0.35171
-0.767196	-0.289382
-0.98351	-0.274927
-0.437569	-0.0711918
-0.743316	0.0588278
-0.798952	0.0823217
-0.725643	0.238522
-0.604495	0.363121
-0.628702	0.408184
-0.53907	0.412256
-0.388893	0.4358
-0.119431	0.491289
0.17201	0.260252
-0.131333	0.339101
-1.06888	-0.0326741
-0.730715	0.169111
-0.495432	-0.193992
-0.0393997	-0.0275544
0.165282	-0.138607
-0.233597	-0.311366
-0.473858	-0.331505
-0.592039	-0.205795
-0.402571	-0.310555
-0.548493	-0.23388
-0.546211	-0.107761
-0.396765	-0.120444
-0.451239	-0.0347648
-0.525632	0.340807
-0.740292	0.718774
-0.705083	0.615539
-0.654406	0.574827
-0.681699	0.569962
-0.613825	0.420885
-0.492837	0.160419
-0.128678	-0.232254
-0.166413	-0.280989
-0.0281209	-0.255175
0.057581	-0.200234
0.180129	-0.15558
0.238288	-0.0786154
0.390533	-0.0845209
0.438103	-0.0852081
0.42274	0.060731
0.439303	0.150865
0.41598	0.202451
0.445415	0.16713
0.397913	0.0848732
0.336738	0.0307337
0.360301	0.0148549
0.228369	-0.00213796
0.217418	-0.0285508
0.110274	-0.0131173
0.0524413	-0.113679
0.0668409	-0.229079
0.0330818	-0.335804
-0.0684373	-0.37952
-0.168847	-0.363629
-0.24919	-0.374648
-0.294101	-0.336259
-0.240745	-0.383434
-0.483623	-0.161027
-0.562861	0.422743
-0.672596	0.571462
-0.631535	0.566793
-0.679944	0.641531
-0.617762	0.73123
-0.579401	0.728016
-0.367624	0.673233
-0.229785	0.67048
-0.115061	0.651333
0.0604259	0.422886
-0.361731	0.309224
-0.726358	0.0753264
-0.241802	0.0132182
-0.515781	0.0902979
-0.251072	-0.0392981
0.0477226	0.314496
-0.0595403	0.654007
0.199813	0.782345
-0.135939	0.277831
-0.523397	0.167398
-0.638564	0.0301443
-0.566925	-0.0930029
-0.648785	-0.188992
-0.712354	-0.195705
-0.633959	-0.157786
-0.502647	-0.182718
-0.85133	0.546745
-0.71385	0.381413
-0.828171	0.456896
-0.831739	0.444618
-0.897604	0.362583
-0.453377	-0.383463
-0.769956	-0.493132
-0.873864	-0.33548
-0.741827	-0.203398
-0.500207	-0.214102
-0.357154	-0.0856152
-0.153994	0.203321
-0.0731217	0.333021
-0.17416	0.208668
-0.239494	0.0461839
-0.367428	0.063906
-1.0432	0.0422023
-1.02782	0.0403015
-0.569401	0.20531
-0.459553	0.438986
-0.551583	0.255749
-0.464533	-0.0353495
-0.848169	0.126896
-0.891371	0.163161
-0.327432	0.10006
-0.117921	0.31778
-0.107513	0.221949
-0.194827	0.290306
0.0301442	0.236529
0.187641	0.180278
0.138636	0.390081
0.128645	0.340447
-0.00524515	0.30244
0.158046	0.212855
-0.12502	0.113707
-0.0289179	0.134821
0.0031897	0.049278
0.208286	0.687145
0.0739892	0.863496
-0.141214	0.811481
-0.531587	0.645559
-0.782095	0.443639
-0.748224	0.267706
-0.643388	0.162234
-0.0842455	0.205025
-0.110749	0.230215
-0.0491885	0.237931
0.0723229	0.0916942
0.0144483	0.0510057
0.255353	0.0544884
0.287817	0.12331
0.322624	-0.112353
0.216485	0.135962
0.16606	0.21496
0.13338	-0.0371133
-0.10752	-0.0210078
-0.371743	-0.0363228
-0.43178	-0.120249
-0.744998	-0.186708
-0.68125	-0.103786
-0.629151	-0.234191
-0.713979	-0.246259
-0.79324	-0.248306
-0.599285	-0.330932
-0.687732	-0.391857
-0.400055	-0.526427
-0.337562	-0.433069
-0.353254	-0.406286
-0.421803	-0.324685
-0.484911	-0.235672
-0.649217	-0.17891
-0.732537	-0.145927
-0.674403	-0.323933
-0.829706	-0.238991
-0.748428	-0.29569
-0.774285	-0.296658
-0.638923	-0.211999
-0.659779	-0.370468
-0.781732	-0.103425
-0.850986	-0.226284
-0.747392	-0.216063
-0.978557	-0.302467
-0.873901	-0.236885
-0.694073	-0.372563
-0.818949	-0.228504
-0.850568	-0.332411
-0.692318	-0.287612
-0.653026	-0.294247
-0.561107	-0.0644362
-0.37533	0.0449706
-0.381833	0.00134055
-0.54851	-0.16369
-0.873029	-0.194438
-0.901155	-0.267866
-0.828301	-0.367652
-0.780999	-0.327483
-0.563654	-0.349589
-0.422382	-0.309402
-0.259871	-0.21819
-0.0171365	-0.101884
0.16907	0.0196427
0.273357	0.103597
0.265478	0.162986
0.471848	0.170482
0.450965	0.163502
0.524123	0.151453
0.393965	0.144211
0.407895	0.160302
0.451535	0.0580914
0.415089	0.0354573
0.284018	0.0222947
0.0898847	0.0456591
-0.122501	0.0978194
-0.349958	0.24311
-0.401291	0.440778
-0.370334	0.631195
-0.304981	0.747477
-0.256224	0.79593
-0.270335	0.832616
-0.317781	0.737897
-0.402711	0.644904
-0.540429	0.558531
-0.727752	0.464148
-0.949875	0.413491
-1.05157	0.291723
-0.859912	0.407289
-0.631781	0.388114
-0.26775	0.205888
-0.501721	0.204041
-0.385727	0.474207
-0.387874	0.675584
-0.286986	0.820423
-0.404883	0.72114
-0.63599	0.713703
-0.692139	0.644131
-0.485268	-0.0967186
-0.465848	-0.272521
-0.481399	-0.311701
-0.488992	-0.330788
-0.486082	-0.362784
-0.38473	-0.409921
-0.403154	-0.37808
-0.368469	-0.35201
-0.39776	-0.255062
-0.362593	-0.201968
-0.244026	-0.240365
-0.0669649	-0.235276
0.134684	-0.0916271
0.15254	0.294324
0.138297	0.341247
0.429564	-0.0265068
0.323418	-0.26413
0.28128	-0.200102
0.117426	-0.0513706
-0.107095	-0.0705817
-0.355759	0.038699
-0.457779	-0.0956398
-0.40418	0.285448
-0.569008	0.112331
-0.514243	-0.0363714
-0.124604	0.296826
-0.244372	0.362276
-0.381744	0.508887
-0.55859	0.754677
-0.586235	0.772435
-0.522035	0.752612
-0.542318	0.761763
-0.467958	0.629025
-0.282758	0.495214
-0.0216105	0.526461
0.0606739	0.166205
-0.185977	0.168123
-0.413924	0.0516636
-0.415734	-0.122174
-0.119618	0.0727768
-0.293463	-0.165626
0.165357	-0.272656
0.0616965	-0.277973
0.0305167	-0.201813
0.0453021	-0.0744361
0.128103	0.180568
0.471014	-0.169216
0.252843	-0.156872
0.0751996	-0.208594
-0.159747	-0.278297
-0.270822	-0.335854
-0.426688	-0.233549
-0.722121	-0.0548442
-0.872748	-0.0118102
-0.623129	0.187636
-0.522761	0.159529
-0.637808	0.0160521
-0.382403	-0.183422
-0.556804	-0.00602377
-0.424735	0.0316152
-0.439746	0.172644
-0.301174	0.157579
-0.280473	0.00777672
-0.279677	-0.0625912
-0.359506	-0.111869
-0.658471	-0.183902
-0.750711	-0.205257
-0.511883	-0.132203
-0.723494	0.175088
-0.944153	0.0841151
-0.627151	0.281712
-0.765189	0.289559
-0.905024	0.292726
-0.74328	0.156938
-0.706978	0.169776
-0.606686	0.267659
-0.718241	0.412914
-0.527729	0.339736
-0.560277	0.560458
-0.645622	0.77809
-0.597239	0.638233
-0.484067	0.583164
-0.257516	0.465783
0.0106408	0.488327
0.317479	0.510743
0.546299	0.224066
0.286552	0.220921
0.304687	-0.155108
-0.137632	0.0356123
-0.102498	-0.367723
-0.469873	-0.307318
-0.515736	-0.13398
-0.504583	-0.00363413
0.0822274	0.380886
-0.0719632	0.236398
-0.106237	0.119756
-0.162877	-0.042187
-0.0750659	-0.235772
-0.0776867	-0.282956
-0.118154	-0.185165
-0.0367265	-0.165574
0.106906	-0.102104
0.0341433	0.196409
0.29514	0.257802
0.288965	0.0798827
0.0494558	-0.344372
-0.150881	-0.42552
0.0111981	-0.575949
0.06665	-0.615938
-0.300495	-0.371546
-0.204796	-0.116448
-0.482773	0.0140953
-0.830733	0.0950975
-0.695849	0.165589
-1.10716	-0.102086
-0.731396	-0.231614
0.164648	0.178176
-0.0375892	0.323738
-0.0421123	0.442828
0.0255813	0.226811
0.123492	0.00235408
0.0604453	-0.204556
-0.104141	-0.113333
-0.367382	-0.129765
-0.390493	-0.136542
-0.454986	-0.315887
-0.624529	-0.253124
-0.682134	-0.274184
-0.630455	-0.25731
-0.656225	-0.269305
-0.56682	-0.365928
-0.538445	-0.458963
-0.661113	-0.405445
-0.57149	-0.544241
-0.458504	-0.612118
-0.390674	-0.570285
-0.575297	-0.512416
-0.368031	-0.227624
-0.352533	0.0608823
-0.157138	0.23459
-0.246975	0.587283
-0.261062	0.660601
-0.279491	0.744273
-0.171569	0.5337
-0.0261805	0.314775
-0.293219	0.257094
-0.316246	0.445023
-0.332593	0.681314
-0.35948	0.457376
-0.53092	0.379134
-0.641932	0.211645
-0.943568	-0.329533
-0.795326	-0.299988
-0.983392	-0.458692
-1.05358	-0.400383
-0.258269	0.261401
-0.012186	0.41997
-0.23495	0.644477
-0.040862	0.573419
-0.126057	0.441913
-0.12438	0.207385
-0.210442	0.213005
-0.617664	0.619084
-0.672055	0.545474
-0.616347	0.430107
-0.31871	0.219008
-0.435244	0.230806
-0.512698	-0.122671
-0.509023	-0.404696
-0.672548	-0.232841
-0.710921	-0.254531
-0.493312	-0.277979
-0.371632	0.0268797
-0.684038	0.145158
-0.643383	0.139323
-0.350819	0.118653
-0.122704	0.0878448
-0.0684463	0.0612531
-0.197781	-0.0115021
-0.514171	-0.137661
-0.58216	-0.208231
-0.675124	-0.159539
-0.544671	-0.192425
-0.124475	-0.0229683
0.130967	-0.0819206
-0.0693389	-0.100432
-0.204319	-0.233066
-0.169304	-0.215574
-0.128696	-0.0987845
-0.0421726	0.0771713
0.0370599	0.253294
0.532641	0.00739522
0.452854	-0.180485
0.349173	-0.345121
0.180312	-0.540175
0.0312632	-0.39173
0.191814	-0.267076
0.172836	0.221403
0.175009	0.163757
0.242213	0.0997455
0.22652	0.221126
0.264325	0.0423899
0.251533	0.143333
0.0745641	0.238449
0.0992047	0.149599
-0.216893	-0.0309283
-0.0330567	-0.0161459
-0.102466	-0.0593603
-0.087651	-0.151181
-0.286418	-0.120237
-0.395613	0.00413529
-0.551372	0.178147
-0.348886	0.111397
-0.417658	0.183688
-0.640969	0.284992
-0.505977	0.300654
-0.0792177	0.142884
-0.0970502	0.0920787
-0.168017	0.174774
-0.293329	0.145381
-0.466305	0.0473799
-0.486771	-0.153746
-0.444979	-0.0483889
-0.319379	0.111318
0.0371698	0.135571
0.187146	0.185696
0.215433	0.109272
0.33007	0.245481
-0.0410706	0.178616
-0.111323	0.133414
0.219439	0.150164
0.125769	0.125607
-0.192005	0.286726
-0.181635	0.156949
-0.716148	0.00547702
-0.752781	-0.113894
-0.711334	0.0207494
-0.453219	-0.0602317
-0.293733	0.108874
-0.814348	0.145114
-1.02354	0.23587
-0.965381	0.239863
-1.07773	0.351226
-0.963641	0.341582
-0.942644	0.358954
-0.83482	0.316443
-0.807783	0.421899
-0.716676	0.808757
-0.489571	0.847686
-0.437403	0.825999
-0.112077	0.541125
0.0322199	0.480955
-0.136094	0.30629
-0.472801	0.0509636
-0.451952	0.149234
-0.331192	-0.0188381
-0.42234	-0.35039
-0.391568	-0.251882
-0.0697701	0.15124
-0.0136142	0.113939
-0.18832	0.245738
-0.278946	0.186109
-0.215239	-0.0223879
-0.22222	-0.296002
-0.380034	-0.196442
-0.569178	-0.0528197
-0.426001	0.000654006
-0.391983	-0.0215115
-0.464996	-0.00805711
-0.47259	-0.0959388
-0.49948	-0.100632
-0.497265	-0.0803059
-0.546335	0.0768324
-0.494395	0.377057
-0.347633	0.664532
-0.150558	0.803381
-0.0400612	0.647153
-0.667048	0.76409
-0.621212	0.800519
-0.444788	0.792858
-0.396834	0.718657
-0.233184	0.674985
0.033893	0.525176
-0.126285	0.324707
-0.360123	0.122942
-0.457115	0.143919
-0.618572	-0.13432
-0.845889	-0.132042
-0.535293	0.0583253
-0.644221	-0.111441
-0.4303	-0.24615
-0.381947	-0.335892
-0.510075	-0.337721
-0.745764	-0.13759
-0.800189	0.110116
-0.476467	0.336529
-0.783471	0.404305
-0.915995	0.390939
-0.718206	0.231614
-0.43908	0.123449
-0.23733	0.12754
-0.195545	0.104618
-0.187707	0.204179
-0.214582	0.118669
-0.10556	0.0833505
-0.16523	0.016414
-0.283739	-0.0628921
-0.320886	-0.145009
-0.386019	-0.269859
-0.440947	-0.333666
-0.64253	-0.250775
-0.703774	-0.186457
-0.788048	-0.130192
-0.889093	0.330254
-0.861743	0.685731
-0.889071	0.753212
-0.777975	0.742569
-0.492717	0.565846
-0.147549	0.468518
0.0552424	0.648661
0.218887	0.839417
0.193258	0.867902
0.210756	0.950013
0.166076	0.99825
0.0502021	1.02252
-0.198361	0.941932
-0.479133	0.782339
-0.649574	0.513835
-0.828379	0.264957
-0.838454	-0.00829226
-0.746979	-0.215692
-0.719454	-0.34949
-0.773846	-0.250443
-0.774929	0.0209577
-0.750793	0.182861
-0.393826	0.215198
-0.693642	0.267598
-0.558135	0.116
-0.453612	-0.126578
-0.325179	-0.253534
-0.292197	-0.279078
-0.0433699	-0.315381
0.138016	-0.302272
0.215452	-0.157677
0.170859	0.0438193
-0.0425623	0.19964
-0.212686	0.358639
-0.357512	0.439722
-0.445523	0.355945
-0.661586	0.619659
-0.724485	0.712788
-0.677955	0.730745
-0.652441	0.725082
-0.657457	0.786527
-0.474378	0.662073
0.0425477	0.443908
0.26698	0.587291
0.245631	0.841377
0.0283951	1.01524
-0.166368	0.970822
-0.304769	0.8553
-0.382736	0.642799
-0.407191	0.445687
-0.394114	0.280398
-0.439735	0.198968
-0.212091	0.0970705
0.181149	0.059544
0.210315	0.378678
-0.0107963	0.197005
-0.162792	0.013908
-0.0103329	-0.0663731
-0.12341	-0.269708
-0.392969	-0.346586
-0.350536	-0.372609
-0.349351	-0.172739
-0.474815	-0.130451
-0.569674	-0.170906
-0.453273	-0.0794922
-0.585436	-0.0558909
-0.580322	-0.0628332
-0.0971716	0.191572
-0.00775583	0.562152
0.324736	0.579009
0.25695	0.435256
0.126205	0.293822
-0.214169	0.180854
-0.177431	0.417767
-0.416761	0.489374
-0.544022	0.541906
-0.710404	0.737425
-0.701888	0.978021
-0.49852	1.05439
-0.454133	1.02715
-0.467667	1.01628
-0.43011	0.917823
-0.550414	0.822317
-0.741922	0.733029
-0.71912	0.442413
-0.681014	0.381769
-0.514566	0.265376
-0.311446	0.298208
-0.17468	-0.00444374
-0.0828069	0.0967524
-0.191982	0.405346
-0.277117	0.294173
-0.564192	0.101439
-0.476087	-0.00638525
-0.802068	-0.1049
-0.653408	0.0827366
-0.522135	0.318951
-0.470211	0.172613
-0.197396	0.716506
-0.122687	0.704006
0.0980963	0.850046
-0.208761	0.918979
-0.346362	0.840603
-0.503121	0.558841
-0.865735	0.0227163
-0.616579	0.214604
-0.996505	0.0642329
-0.779302	-0.0344948
-0.604609	-0.22603
-0.71394	-0.112996
-0.812958	0.1075
-0.693718	-0.131921
-0.476583	-0.569509
-0.688208	-0.397607
-0.715655	-0.155289
-0.410179	-0.0599754
-0.397747	0.00218237
-0.233522	-0.144688
-0.279108	-0.103786
-0.394046	-0.385413
-0.374079	-0.360331
-0.755593	-0.584186
-0.714155	-0.512666
-0.722954	-0.451697
-0.537188	-0.309672
-0.522805	-0.282502
-0.667632	-0.293356
-0.941442	-0.369661
-0.611032	-0.286619
-0.717658	-0.183893
-0.84098	-0.240139
-0.843354	-0.303433
-0.683092	-0.176945
