-14.1594	1.78655
-24.2774	0.465578
-22.2335	3.13193
-24.1596	-1.01692
-19.8849	3.55382
-21.3841	-4.92648
-23.5956	-1.16386
-17.8943	-5.97893
-17.3163	2.26539
-20.5688	4.11984
-20.5356	0.470529
-18.5709	4.52545
-20.0473	3.75378
-21.3335	2.29318
-15.4597	4.93206
-18.2657	-14.0864
-18.5202	-17.0596
-16.9217	-21.4896
-21.9869	-16.4824
-20.7763	-18.3342
-18.7038	-17.0102
-18.0979	-15.0878
-16.638	-14.6315
-18.3466	-7.44747
-16.6345	-2.63643
-16.3768	-2.95106
-17.5548	-2.81769
-17.2239	-1.02756
-16.3113	1.10743
-18.3006	1.92034
-19.316	5.60493
-17.4194	5.25424
-18.3797	6.82978
-16.5796	6.6962
-16.445	8.43883
-16.9709	7.14576
-20.6064	0.829373
-25.8412	-1.35812
-24.0009	-1.03563
-22.1016	-2.10612
-21.5076	-2.6582
-23.2223	-1.29095
-21.9489	-2.07452
-18.952	-5.52416
-18.7495	-5.17575
-17.7147	-7.41625
-14.9488	-6.52296
-7.31974	-0.854389
-7.21857	-2.35138
-9.02135	-2.38471
-7.25672	-4.15549
-0.559221	-7.24591
-0.28894	-9.72953
-0.00321884	-10.1556
-1.57384	-9.34568
-2.6348	-9.14699
-2.81451	-6.31296
-6.27541	0.772592
-6.57612	1.70122
-5.61146	-3.9696
-7.52337	-5.69938
-8.30547	-3.85173
-9.5858	-3.1211
-9.66143	-2.85057
-11.3795	-1.86158
-13.3458	1.36625
-13.4286	0.657136
-16.6754	1.31453
-23.0443	-2.34318
-24.6539	-4.17463
-23.606	-5.5391
-21.9966	-6.19034
-21.3851	-5.04945
-17.8105	-5.19543
-13.7137	-4.93252
-7.64222	-8.00461
-1.105	-8.13692
3.4085	-11.1687
5.53863	-10.8944
2.07074	-6.78297
2.42969	-6.06998
-0.0488075	-7.70853
-3.20875	-8.71747
-6.71485	-8.84544
-8.0251	-11.4338
-10.3779	-10.758
-13.9153	-8.31752
-15.6007	-6.17724
-15.3829	-4.17177
-15.7108	-2.72424
-11.7181	-7.88102
-12.848	-8.76786
-12.2265	-7.74402
-9.68586	-12.1184
-4.62044	-12.9097
-4.38324	-7.13467
-2.8666	0.148831
-0.194944	0.419447
-8.78794	-7.66083
-9.91988	-16.4878
-3.77571	-6.72319
-4.22255	4.35663
-14.4122	-2.34709
-16.085	-0.593872
-10.8051	1.92362
-15.6833	0.170076
-17.8376	-0.0296612
-17.0812	-0.422114
-6.97394	-5.40435
-14.1957	-7.03847
-19.8931	-3.13681
-20.6393	0.294206
-17.6987	-1.14605
-14.9868	-4.54499
-10.6542	-3.46088
-3.47598	0.989369
-3.70763	8.3607
-12.9203	-0.0859558
-10.4621	-3.77661
-9.87111	-14.5297
-7.92022	-14.3866
-4.1471	-13.9472
-6.37824	-11.0369
-1.62227	-19.5146
-6.751	-14.113
-9.32574	-13.9484
-4.36378	-2.91035
-7.3628	-4.62547
-4.88657	2.7804
-14.2753	3.45911
-17.0163	4.91686
-18.3113	4.89737
-19.795	5.7782
-16.6865	3.20331
-13.1036	10.2476
-11.9705	8.08888
-6.18626	3.90944
-14.6418	-1.32159
-14.1424	2.13189
-17.2916	-0.802461
-8.48915	5.46564
-7.32022	5.02191
-9.16322	-2.14055
-15.0268	-8.49717
-18.6244	-5.41536
-18.6112	-9.41992
-19.6803	-8.56825
-19.9901	-7.55977
-21.3625	-5.11004
-21.3364	-6.06113
-19.384	-10.695
-21.4405	-12.4633
-26.2437	-13.1337
-29.1905	-13.7929
-32.1774	-10.7335
-33.201	-14.2907
-34.5026	-16.2019
-34.3267	-17.4096
-33.9446	-18.5438
-32.2849	-21.8821
-19.4803	-13.9092
-14.9551	-2.10616
-13.8491	-2.15603
-13.1344	-5.83167
-16.0519	0.744043
-16.1927	4.69878
-12.2847	3.34486
-12.1632	4.17996
-9.39308	1.80775
-11.9313	3.80928
-14.2145	2.21888
-14.809	3.80497
-8.3525	11.7963
-10.735	7.74555
-6.52767	0.0690139
-12.9672	-11.9985
-21.224	-12.1204
-24.8769	-10.1101
-27.3147	-9.77054
-22.3046	-5.27449
-26.5436	-14.0742
-41.1586	-8.88321
-38.297	-12.9351
-31.1257	-8.43875
-23.6314	-1.49933
-26.4477	-6.80908
-26.1093	-6.5298
-25.9566	-6.83958
-22.9323	1.13367
-20.8625	-0.849734
-19.7494	3.23089
-18.2873	3.43815
-20.5039	2.85706
-18.3155	4.78698
-21.8365	3.06272
-21.9709	3.95057
-22.392	-0.860443
-21.9456	3.00257
-21.922	7.06962
-18.9647	4.06063
-21.2007	1.32929
-20.8524	-0.0632897
-18.1405	5.58131
-21.0056	0.335848
-21.4902	4.17721
-14.5482	-1.61897
-9.65601	-1.44367
-14.2588	1.86349
-23.3389	4.87833
-22.8047	6.51673
-18.797	5.0715
-15.0593	3.65164
-13.2967	6.21257
-17.0128	2.98729
-18.1715	7.01267
-16.0754	7.10045
-20.5623	-0.716562
-21.6297	-9.52174
-8.70713	-4.94584
-19.5919	-3.91537
-19.193	-10.188
-13.8615	-6.17587
-14.393	-10.1387
-20.9438	-10.6742
-24.7726	-10.202
-23.8964	-11.0985
-25.2828	-11.3817
-24.4685	-10.6288
-25.4803	-8.5588
-23.2783	-9.1714
-21.705	-7.90967
-19.7745	-6.15869
-16.7931	-5.11979
-12.4687	-4.19068
-9.36389	-2.61213
-7.72675	0.572589
-6.45479	3.06733
-5.38073	2.33788
-4.71688	1.98392
-3.58297	0.536367
-0.828132	-3.22112
-2.84726	-4.56904
-4.64928	-5.73782
-8.3945	-6.38408
-12.8774	-6.38273
-17.6298	-7.45135
-21.2421	-11.2455
-21.8885	-15.8716
-20.899	-21.1684
-20.0046	-22.3238
-18.6067	-24.2747
-20.3406	-19.1101
-26.982	-10.7712
-30.1209	-7.77301
-20.5089	-2.99366
-23.7461	-0.94262
-28.347	-8.87154
-31.2364	-5.85614
-25.7147	-8.53997
-29.5409	-6.39855
-31.324	-4.21774
-28.8402	-4.07395
-26.9038	-4.99906
-27.3248	-7.8198
-26.323	-8.88187
-27.1178	-9.02554
-27.2228	-11.2206
-27.6187	-10.6897
-29.7289	-11.4017
-30.1709	-10.2715
-32.0112	-10.8546
-33.5299	-9.55542
-34.0327	-9.05133
-31.2445	-10.165
-27.3631	-10.3881
-25.599	-9.1139
-23.6616	-8.06571
-23.1804	0.686064
-17.7572	8.33272
-17.7762	6.1259
-17.3233	8.84704
-18.0449	8.33324
-19.022	8.63784
-18.5964	8.14438
-25.9491	-3.68849
-24.155	-4.22215
-22.7736	-2.55619
-23.0178	-1.47786
-23.6284	2.89846
-18.0829	5.99059
-16.4231	6.1037
-16.8423	3.80307
-14.939	4.39579
-13.1209	-2.44795
-13.8991	-2.78743
-14.9174	3.37319
-14.7061	5.21153
-10.167	-2.11061
-11.4194	0.663623
-15.1047	5.15845
-15.5172	5.51145
-21.0619	-4.33369
-24.3822	-3.54874
-10.0661	-0.206058
-28.8135	-1.51388
-28.5478	-4.33808
-29.368	-5.26882
-36.6174	-2.45496
-24.8365	-7.31765
-16.1346	2.26748
-12.7897	2.65196
-12.9342	-0.506065
-10.9397	4.79987
-22.8409	-1.04993
-17.5222	-4.05978
-15.2548	2.39252
-23.1701	-9.90104
-21.6151	-13.6134
-20.385	-13.8036
-19.7322	-13.4749
-19.6768	-10.5581
-16.5587	-6.35004
-9.73959	5.77379
-5.98488	4.16529
-11.1467	1.51885
-21.6945	-6.88384
-21.1292	-5.80692
-18.7184	-0.692355
-18.4486	3.33552
-24.1107	-5.09516
-23.1389	-11.898
-23.8344	-4.62163
-14.3545	-13.0603
-6.76313	-6.678
1.70991	-9.62545
2.27139	-7.11556
-1.9544	-10.4653
-4.78482	-12.9467
-5.00539	-15.4686
-2.17213	-16.493
-7.20585	-16.2004
-7.35709	-11.4422
-8.56386	-10.8212
-3.80236	-8.71343
-10.2482	-5.10978
-7.33701	-12.2688
-12.1258	-3.78097
-15.3627	-8.49038
-12.8364	-5.37458
-7.0489	-11.0827
3.137	-7.70334
1.30012	-8.41918
-7.40803	-7.50382
-12.6874	-6.88492
-15.9645	-6.50673
-17.207	2.47573
-15.7904	-3.30465
-14.4481	-6.01708
-14.545	-6.66927
-12.5308	1.26418
-14.653	-0.756743
-14.898	-0.353293
-26.6987	-6.31976
-32.4961	-3.474
-30.5857	0.473894
-27.8512	3.1309
-18.3757	6.83074
-16.5783	6.70738
-17.1245	2.949
-15.0549	-1.15164
-9.14871	-7.96639
-3.84266	-14.9322
-1.68542	-15.4762
-1.10531	-10.6236
-10.0326	-1.77619
-11.9754	-0.459857
-13.8986	2.6219
-10.8151	2.14539
-8.58405	1.07615
-8.50564	3.66142
-8.15331	2.33316
-5.2575	1.24649
-6.99798	5.27818
-9.06138	2.4825
-11.4996	3.88645
-28.6486	-7.7398
-26.9384	-4.68588
-27.3062	4.54222
-22.1152	0.864249
-17.6133	-11.1421
-22.1621	-13.0761
-23.8034	-11.9915
-26.8869	-5.86802
-27.0112	-0.575232
-21.7196	1.97398
-15.3094	-5.86945
-16.0161	-6.87497
-12.1739	-9.36298
-6.25211	-4.3655
-13.9181	0.180424
-16.8881	1.84261
-17.2952	1.79414
-20.166	-1.7526
-25.4268	-9.34361
-26.3693	-4.44685
-16.6601	3.10029
-27.1927	-2.46826
-31.4878	-5.82864
-33.7472	-3.81085
-32.5156	-5.40386
-33.7605	-4.43704
-31.836	-5.36162
-32.5527	-4.94748
-32.8123	-6.06746
-31.7405	-5.25575
-29.2325	-3.82865
-18.0412	3.48584
-15.7108	4.02021
-14.9014	1.95273
-15.321	0.676723
-13.7069	-0.460046
-15.8369	-2.02536
-16.4669	-3.13857
-11.971	-0.74012
-6.01104	-2.15698
-11.5573	0.657477
-12.2007	5.49263
-10.5463	9.34551
-8.47765	4.4074
-10.4393	5.69928
-15.7626	4.35925
-21.1513	4.20287
-20.0117	5.71333
-19.8643	0.298385
-19.0005	5.3774
-20.5079	4.0756
-20.2186	0.609979
-20.7501	1.01963
-18.2846	0.0100175
-20.4337	1.32634
-18.5816	-1.27134
-9.26546	-5.97576
-16.1371	-7.03622
-13.9026	-5.41324
-10.4353	-6.80836
-8.95963	-5.18698
-5.83651	-7.82581
0.340306	-6.58855
-1.39687	-3.45344
-5.20942	-3.83099
-5.11344	-2.61113
-13.298	-10.2858
-14.3526	-8.3011
-11.3971	-2.40071
-13.6484	-9.00544
-10.5898	-6.57232
-10.2848	-3.45687
-11.2225	-4.60057
-17.5496	-0.330081
-14.8646	-0.667712
-19.6043	-2.43891
-17.8102	-12.2436
-30.2618	-17.4845
-32.0087	-17.5973
-32.7693	-16.5577
-33.4357	-19.3517
-29.2002	-19.3983
-23.3102	-16.5634
-7.29191	-14.8381
-5.36813	-8.92492
-10.1038	-7.44775
-7.98436	-4.07214
-9.09852	-16.874
-11.1942	-8.70873
-6.7141	-1.80668
-6.25987	-13.0115
-13.6384	-6.80633
-16.8134	-1.6825
-13.8917	-2.70926
-14.985	1.63602
-18.2717	7.70738
-21.4844	4.52907
-21.8045	6.78449
-20.4475	2.81773
-17.9551	-1.83797
-18.9023	-1.61687
-18.9789	-2.60459
-27.8753	-7.53664
-32.6314	-9.21702
-32.5535	-9.96579
-30.0869	-13.0298
-28.6423	-12.797
-25.0369	-14.2052
-20.5169	-15.4448
-17.1457	-7.32612
-13.7264	0.731531
-13.685	-3.52292
-22.718	-10.5738
-24.1736	-22.983
-15.4118	-6.71225
-19.4174	-15.0209
-23.0952	-14.7754
-22.3042	-14.8386
-20.2129	-14.7561
-18.9176	-15.0933
-16.7307	-15.3308
-16.8426	-11.4582
-11.0271	-8.79028
-13.1143	-5.78525
-7.9294	6.05276
-16.3144	5.0968
-18.4445	5.04337
-20.4129	-0.867591
-16.2578	1.04229
-20.0514	1.64021
-16.49	-2.09129
-12.4027	2.19137
-16.6555	3.75084
-6.45936	5.21738
-5.10461	-1.13596
-8.05318	-2.126
-10.1584	-1.18051
-9.3399	-0.864132
-11.1684	-0.0901878
-13.8002	0.248351
-15.3401	-2.54564
-15.4191	-8.92058
-16.8808	-9.63729
-15.0728	-14.011
-15.8286	-16.8511
-14.3273	-16.385
-14.083	-20.625
-17.1568	-16.4089
-18.0008	-12.9666
-20.3283	-7.74483
-20.5193	-2.39643
-16.9705	-1.59907
-6.58112	3.79192
-7.77065	-1.91761
-7.46024	2.67093
-24.8617	-2.12575
-27.834	-8.85083
-30.1802	-8.20121
-29.5762	-7.12209
-31.4288	-3.32087
-29.2929	-2.65806
-26.1571	-1.7521
-22.3634	-1.36154
-17.5777	-1.42854
-10.4226	-1.61933
-2.0427	-2.89376
2.89031	-3.66031
5.58135	-4.16463
7.39666	2.18474
4.60306	3.93458
2.44739	5.81536
-0.937283	5.98513
-0.0248752	4.35866
-1.00463	2.45317
-2.92667	2.42862
-5.19683	2.89417
-5.77462	0.231486
-6.19159	2.36502
-5.20144	0.739881
-1.05147	-1.15888
-2.60722	4.60508
-12.289	-11.8605
-9.00516	-11.5201
-8.34366	-14.6724
-12.0061	-13.7759
-13.1644	-15.4677
-13.1713	-20.5932
-8.64651	-10.1878
-8.89732	-18.068
-12.2554	-12.7996
-11.6078	-3.42658
-16.3291	2.13045
-23.9304	-2.32544
-29.5851	-7.11751
-31.6989	-8.65656
-31.5348	-7.20754
-30.5836	-6.91822
-34.2428	-6.98879
-32.1544	-7.02254
-37.4291	-5.48952
-32.5411	-1.85859
-35.2899	-4.16605
-37.3386	-4.75037
-30.4603	-7.67746
-28.0809	-9.44906
-22.5995	-6.64024
-20.4804	-3.58745
-15.1671	-4.6324
-11.3409	0.454616
-14.5078	1.36902
-15.1343	3.48645
-17.1898	9.3277
-20.3521	0.892437
-18.2721	4.27376
-17.6619	6.49797
-20.6734	-0.381286
-18.6329	5.89996
-20.7476	5.32654
-20.4076	5.1215
-23.946	4.72235
-14.9499	0.208163
-21.8745	4.76639
-20.7933	0.499513
-24.2312	1.45887
-24.2347	3.01679
-21.877	4.38598
-18.4177	2.58984
-21.1071	-2.5387
-21.9212	6.5202
-12.7838	9.26281
-7.0689	3.88239
-4.83323	-1.18898
-3.62413	1.69983
-7.59833	3.41965
-5.96936	4.08032
-2.9054	0.920478
-7.78103	0.789281
-2.32047	9.04986
2.6214	6.61071
-1.26208	9.05982
-1.13339	7.85654
1.59379	2.01226
3.16461	-3.35683
3.27358	2.10702
-3.1824	1.27332
-4.74829	0.609912
-7.93175	-1.45732
-13.7682	-8.91039
-11.473	-9.11691
-12.5795	-11.2283
-12.8503	-14.0053
-12.374	-12.116
-16.036	-9.96954
-15.8498	-12.477
-9.10706	-4.64937
-14.0407	-1.10798
-19.0419	-0.921893
-20.5345	-2.63498
-22.7309	-0.510543
-22.8459	-1.00899
-21.5523	-2.00866
-21.3803	-1.51617
-19.0941	-1.89779
-17.5516	-2.82747
-17.3957	-1.22714
-18.4191	2.42133
-18.1803	1.11016
-18.3191	1.46155
-16.9388	-0.0409463
-15.2243	-0.012964
-15.4199	2.56518
-14.6334	-0.0294341
-12.6196	-3.02834
-12.1648	-2.22992
-2.6276	-6.66475
4.67921	-7.44098
0.619673	-7.60624
-9.35991	-8.09783
-1.12287	-6.36351
1.45086	-1.33426
-5.40946	-1.3153
-2.43138	1.77222
-2.3013	-9.43636
-2.18678	-11.1578
-10.7691	-15.7745
-17.1671	-7.68196
-26.3808	-6.12524
-30.3057	-7.57857
-33.1541	-7.00492
-35.195	-6.73389
-37.1088	-6.21237
-37.3429	-8.62053
-36.5642	-12.1791
-27.7364	-16.7067
-13.3553	-11.0671
-13.1465	3.37455
-16.0375	-3.57554
-15.367	0.774923
-22.4192	-6.25739
-13.3735	-7.06546
-13.6999	-5.81156
-13.0254	-0.199412
-13.2816	-3.21636
-9.14456	-4.28043
-4.78022	-8.29135
-2.97589	-7.35232
-1.67924	-1.48117
1.75252	2.89134
-6.32113	-1.56664
-7.89632	5.71309
-12.292	2.60443
-11.8113	3.17066
-15.9431	-0.250643
-21.4793	-5.74307
-16.5488	-0.675894
-26.4359	-4.67245
-30.8959	-7.85168
-34.34	-8.46287
-35.6089	-9.69011
-31.0386	-11.7906
-27.1933	-4.42369
-22.3664	5.04736
-19.6289	4.13159
-20.4637	5.17437
-19.3675	4.21374
-18.5143	4.17296
-18.4268	2.38413
-18.1402	2.4615
-19.1136	-5.2603
-17.7552	-8.14305
-18.5331	-10.7798
-15.8891	-12.8366
-17.0223	-11.2604
-15.5215	-12.7048
-16.9834	-6.47086
-16.8781	0.183407
-10.366	6.113
-7.51812	7.33863
-4.76618	2.94497
-2.15602	1.29929
-6.93832	-1.36779
-7.32892	2.68094
-4.94027	5.1582
-7.71697	4.48637
-5.55786	9.65691
-10.2685	6.98825
-10.0015	9.34411
-20.4286	6.29665
-14.1413	10.4445
-15.4954	-5.52389
-10.3951	-15.9874
-6.49864	-10.6776
-1.19192	-6.27495
-5.8794	-3.41641
-11.098	-2.94805
-18.7865	1.88047
-17.0634	0.127461
-15.8743	0.502867
-11.7685	0.558436
-2.97672	1.87204
-7.38871	4.97664
-11.7403	4.05349
-16.0148	0.0574075
-15.9639	0.825752
-16.6412	-1.61024
-20.3876	1.80074
-19.6096	-1.57718
-16.7141	1.39048
-23.2902	-6.67076
-20.508	-5.86146
-19.1721	-6.88722
-23.9086	-5.62774
-27.4126	-10.818
-30.7055	-7.31921
-31.4818	-5.66091
-32.1278	-5.7638
-29.1697	-11.8128
-19.5039	-16.5428
-8.6506	-6.01846
-8.43597	-7.24597
-15.97	-13.1086
-16.9074	-7.7998
-14.9047	-7.35921
-15.5957	-13.4362
-17.3972	-9.7037
-18.0267	-3.04523
-15.0911	-5.37221
-12.989	-9.18057
-13.542	-5.88938
-6.21793	-7.99722
-7.11874	-8.26605
-8.39565	-13.4941
-8.89947	-9.86612
-17.0295	1.0902
-17.1471	8.0112
-20.6498	3.94312
-13.2995	7.2842
-21.683	-6.09495
-24.5322	-7.32663
-23.4755	-12.8329
-20.2049	-16.5445
-17.5682	-18.556
-17.6601	-22.8207
-16.2383	-22.9862
-17.3892	-16.7716
-18.3832	-17.3219
-20.8807	-17.4054
-23.6752	-18.9141
-27.4744	-18.1427
-29.8955	-18.7052
-30.9859	-16.4751
-33.908	-13.8188
-35.4958	-10.2727
-27.7406	-10.5371
-33.9987	-10.5172
-30.6258	-8.23545
-31.4366	-6.82501
-31.8887	-6.27919
-32.5644	-7.20623
-29.9541	-6.13574
-27.7282	-5.94071
-23.7575	-3.03928
-20.656	-5.47683
-19.5001	-1.87489
-22.7068	-5.20108
-22.5208	-6.39857
-18.5147	-4.6295
-20.1471	-6.22706
-20.7124	-3.85949
-22.2171	0.489197
-19.3518	-3.82919
-19.3386	-4.09388
-20.7196	-4.37255
-16.476	-1.03329
-15.0386	-9.84195
-14.8701	-15.1306
-16.217	-10.2091
-18.4666	-11.0591
-18.307	-17.5883
-16.3428	-11.2173
-16.9725	-15.0891
-13.4321	-13.8049
-15.4253	-15.8102
-12.2001	-16.4107
-9.9006	-15.9901
-14.5759	-11.1567
-13.5747	-8.47639
-13.8897	-8.80067
-21.12	-6.61564
-23.1402	0.0532334
-22.9309	-3.36344
-18.899	3.11775
-21.6478	-0.653238
-18.4332	1.54284
-15.6404	0.574226
-20.0887	0.471204
-22.1848	2.84696
-19.3	1.39758
-20.6968	1.45687
-20.9322	3.22127
-13.0564	-2.6757
-20.6729	0.301869
-23.3325	-4.55368
-19.6007	0.607212
-20.2157	2.25872
-22.4748	1.99633
-16.7603	4.90176
-21.8065	-0.733183
-23.4205	1.1478
-20.948	2.78387
-21.2681	2.1139
-13.7383	2.30127
-6.93996	3.78529
-5.35035	-2.02735
-6.83721	1.55027
-6.19398	-6.20884
-13.2257	-9.70751
-18.8621	-6.12356
-19.3341	-10.3144
-19.8548	-14.1355
-18.0282	-16.9753
-17.6195	-16.3737
-14.0522	-19.4774
-12.5628	-18.3491
-9.02253	-11.3329
-7.63281	-6.0527
-6.25843	0.433145
-10.8362	-5.16128
-7.3286	-0.859105
-9.91328	-3.34076
-10.8593	-8.31926
-9.7456	-6.88587
-11.056	-4.04926
-10.47	-3.76803
-13.4875	-7.18827
-18.5845	-14.0251
-22.4119	-15.8022
-25.8092	-16.6136
-29.3079	-14.8551
-30.5082	-9.96699
-32.8568	-6.53106
-33.9725	-3.81353
-30.5654	-5.5146
-30.8829	-1.02072
-25.4025	-3.23021
-21.0011	-2.60811
-15.2014	-6.01675
-14.1441	-0.034612
-13.402	-7.31923
-10.1549	-7.37706
-10.3017	-9.26023
-5.36352	-12.473
3.49142	-10.753
4.43005	-14.1757
6.53577	-8.20807
-1.14609	-13.5926
-9.00211	-14.8714
-11.144	-14.7374
-13.8288	-13.0011
-15.1969	-17.9877
-16.5787	-16.8525
-17.7667	-17.376
-17.2618	-17.5045
-16.4791	-13.8615
-12.35	-13.5234
-9.06372	-10.4533
-7.27214	-5.58607
-9.86803	-11.2218
-13.7059	-11.8507
-18.0457	-22.5884
-12.4877	-18.1361
-12.1758	-9.09081
-9.8753	-11.4591
-4.72842	-6.41532
-6.11057	-12.0223
-9.54937	-9.74631
-15.1848	-5.07783
-14.6158	0.639369
-17.8195	0.693704
-18.0601	-8.73677
-12.5593	-2.01011
-16.9309	-6.86273
-21.1316	0.899863
-14.6912	1.5256
-14.2312	-2.45618
-17.2464	-2.12589
-21.7294	-2.45175
-21.0994	-7.0901
-18.7094	-10.8689
-16.9366	-12.7066
-13.7973	-13.4135
-12.5268	-14.6809
-10.8815	-13.0896
-8.28693	-9.6813
-5.05689	-9.01644
-5.47292	-6.74642
-3.16442	-7.72038
-2.96554	-8.36604
0.798202	-9.74576
-4.48373	-5.08476
-6.00437	-1.51672
-5.10289	-0.0718496
-11.4145	-1.13781
-12.1264	-5.30388
-20.7763	-6.39274
-22.6836	-11.6518
-24.5378	-14.0207
-28.1726	-16.5329
-30.6525	-17.1558
-33.7909	-14.8155
-36.1602	-12.5762
-31.7678	-17.0139
-32.5693	-17.5664
-25.167	-22.5256
-19.7145	-25.8995
-17.2315	-20.0235
-17.8332	-21.0591
-17.4137	-18.5689
-14.417	-19.9538
-14.2892	-18.1712
-15.5463	-21.3512
-23.1379	-22.9347
-28.2031	-19.9418
-31.3751	-14.6368
-32.6641	-9.26714
-34.3463	-2.3266
-31.1318	0.0380393
-25.5772	0.275538
-24.964	3.83985
-15.5808	2.26336
-15.3513	-1.49093
-16.6286	-4.40261
-12.9312	-5.31519
-11.2617	-4.79755
-13.7422	-2.62402
-16.1726	0.0356654
-18.0959	0.203415
-20.8085	1.92219
-24.7626	3.58167
-27.069	4.24451
-21.7424	-1.98177
-23.7738	-2.21524
-23.1449	-1.75435
-26.8771	-2.75336
-29.047	3.15505
-26.5591	7.2079
-25.4179	1.38738
-25.362	1.65831
-24.8672	1.00129
-26.9083	4.35488
-22.9842	-2.52452
-16.9554	-4.45795
-19.7629	-2.34429
-21.1755	-1.0833
-22.3373	6.14585
-21.872	4.76906
-20.998	3.18484
-23.9696	2.94769
-20.5346	2.28842
-18.9091	4.01917
-23.0308	6.604
-19.6855	-0.452397
-24.5526	2.62525
-23.1347	8.62628
-24.5677	6.43615
-17.9568	7.1069
-21.7348	5.90014
-18.0013	4.37639
-21.8264	5.18711
-21.4399	5.40917
-20.4536	4.04662
-23.7008	7.9747
-18.9211	11.2126
-20.2468	8.50742
-20.6981	9.30242
-17.8919	7.05298
-19.7573	7.34642
-14.8025	6.93613
-18.5037	-4.93182
-17.9672	-10.5263
-15.1785	-4.64252
-14.6481	4.43162
-16.638	-7.91033
-15.7338	-12.8958
-16.2158	-17.4775
-19.6298	-17.1103
-20.1115	-17.9401
-21.0479	-14.7502
-19.9835	-16.3171
-21.057	-14.1402
-20.8507	-14.4575
-18.7836	-12.122
-14.425	2.06217
-13.5146	4.28885
-13.0096	4.49906
-12.6142	4.65713
-11.3961	2.62544
-12.383	1.14836
-11.8639	3.27034
-10.2793	3.58506
-12.8543	-3.39887
-23.0661	-8.67107
-23.01	-9.71113
-19.2605	-10.4384
-14.6807	-8.04709
-21.8232	-8.08317
-26.9935	-9.2749
-28.1777	-10.3288
-28.8465	-10.3352
-32.6536	-10.7265
-33.6509	-10.1952
-35.7709	-10.3082
-34.5652	-12.6743
-34.1387	-14.095
-31.4945	-16.183
-29.7704	-17.0412
-24.6337	-12.9477
-18.5158	-1.58561
-14.9789	-4.73252
-20.1029	-4.82822
-20.8637	-4.8175
-20.2706	-7.36581
-23.8246	-5.29466
-28.0325	-5.94452
-26.2801	-6.63339
-23.412	-7.15795
-26.454	-6.5521
-18.4713	-6.04916
-22.7198	-11.5307
-28.0537	-9.23415
-24.0222	0.919393
-16.3691	-6.88559
-25.852	-7.83838
-26.698	-10.711
-30.8333	-12.8541
-32.5596	-8.6412
-35.5864	-11.1324
-34.7876	-7.78358
-33.9856	-7.05742
-40.6001	-5.20561
-33.0262	-7.34683
-36.5716	-11.3146
-32.347	-15.6706
-27.9741	-11.3622
-24.6304	-15.8019
-23.4278	-6.14832
-18.47	-0.0701197
-24.1742	-6.83627
-23.9022	-5.29557
-24.0978	-8.09495
-21.6409	-4.92475
-21.5169	-3.80722
-21.2826	-9.26904
-19.1106	-12.816
-16.461	-16.4635
-10.1944	-2.83167
-10.0478	-1.63248
-3.90421	3.14393
2.60408	-2.64436
2.41061	-3.0642
-3.28481	-2.96802
-4.96018	-0.777855
-7.77478	2.59235
-10.757	5.36694
-9.92047	3.39746
-9.52123	2.24761
-11.3496	0.887788
-12.4756	0.38791
-15.5409	-0.699632
-20.5304	-1.20571
-24.9566	-2.58073
-25.3763	-6.19322
-25.3117	-8.66326
-22.5611	-10.1069
-20.3781	-7.99471
-13.1887	-6.20933
-12.7533	-1.52146
-8.67422	-1.48293
-11.5721	-3.69655
-14.0774	-6.38428
-19.3938	-13.043
-17.8573	-9.36808
-16.1317	-13.5816
-11.6959	-8.52992
-14.8012	-7.01479
-15.6527	-13.1485
-16.6513	-8.76505
-20.4955	0.424496
-15.6096	4.80682
-19.1379	-2.14191
-22.1498	-6.96283
-22.2299	-10.0182
-23.7973	-8.82251
-24.5964	-7.1691
-23.9843	-8.61647
-21.2928	-6.44408
-10.082	-14.1807
-7.15156	-14.3945
-10.9076	-14.584
-15.6388	-15.1898
-12.8015	-7.88291
-12.4695	1.63552
-17.2247	-0.0492184
-18.9032	-3.39784
-19.3228	-1.63941
-19.5017	2.25351
-18.1044	0.983622
-20.0161	3.65128
-26.812	-4.67141
-27.5771	-4.39872
-25.8823	-1.19513
-26.8839	-4.46581
-20.0182	3.00299
-21.9802	-9.50725
-25.6334	-11.2262
-30.7685	-10.8592
-34.9493	-7.10203
-33.425	-7.49108
-34.8761	-6.71607
-33.5892	-7.63417
-34.2254	-5.60032
-33.919	-3.91451
-33.4865	-2.34684
-27.9749	-5.83345
-13.3684	-8.61007
-3.28367	-4.57566
-0.714771	-8.68859
-4.49555	-4.18582
-9.9365	0.596039
-8.48005	0.245455
-3.6723	-2.49433
-1.87376	-3.61165
1.36759	-6.38579
2.35884	-4.92636
6.38212	-10.0387
5.2213	-8.51681
4.43704	-1.55343
3.68308	-0.790224
2.21788	-2.07671
-6.42458	7.39654
-11.6666	1.3641
-15.3809	3.30519
-19.2619	-1.43819
-18.1127	6.1497
-18.1777	4.62703
-20.3185	5.85181
-15.7669	3.23015
-20.9191	1.82636
-19.5368	0.551027
-22.1695	4.25788
-19.437	6.45001
-21.232	2.12183
-25.4353	-8.90071
-23.362	-8.06276
-22.4811	-12.8329
-17.9612	-13.4898
-15.5723	-6.09124
-20.9187	-3.50451
-16.5485	-0.667043
-16.4592	6.31414
-22.1479	-3.79638
-19.5173	3.72564
-22.668	0.235028
-22.7014	7.21198
-18.9682	4.47815
-21.266	3.2402
-19.278	5.28203
-20.867	5.50359
-21.9003	4.87394
-19.2888	4.95134
-15.1189	-0.615292
-17.8869	2.83476
-22.4293	3.23979
-19.616	-0.0699737
-21.1767	1.85325
-21.3287	1.52823
-18.2761	7.14068
-19.6834	6.2713
-16.6552	4.06737
-15.2977	-4.32879
-15.7067	-4.06583
-21.9037	5.83706
-24.842	12.1959
-25.6687	3.60128
-31.5946	-0.24326
-33.6829	0.601133
-27.8478	-1.02895
-23.2806	0.625168
-20.5121	6.63208
-16.4358	11.5122
-13.3067	3.52724
-11.3616	8.9911
-14.8356	2.2495
-20.779	3.98637
-21.6163	4.49315
-29.4519	-5.06165
-25.4143	-4.04998
-7.69456	3.25098
-10.3363	-2.43362
-10.6096	-10.7537
-11.245	-10.8383
-11.8034	-10.2663
-13.04	-7.40647
-12.879	-1.03146
-10.9718	-1.55692
-8.09605	-0.562918
-9.13478	0.914996
-6.93386	0.465679
-11.8988	-0.528339
-19.9968	-8.26247
-21.8716	-4.81679
-13.3362	-4.77514
-20.1281	-4.24231
-18.6016	-7.52018
-18.3158	-7.28203
-18.1792	-7.80207
-15.8418	-7.77363
-14.3386	-7.66532
-12.1887	-5.79763
-4.09537	-9.25864
-2.06281	-8.11857
2.36188	-6.21321
1.50996	-0.504829
-3.16674	-1.04811
-21.5107	-7.85042
-9.56088	-8.15577
-4.76476	-0.398801
-2.78665	2.56952
-6.94134	-3.87311
-8.23593	-2.67067
-9.14616	-5.71915
-7.5827	-5.85249
-2.96616	-14.4224
-7.97384	-13.5063
-9.32549	-10.1413
-11.2024	-6.96845
-11.7894	-2.21525
-10.4172	-2.76235
-8.80219	-4.56647
-10.9786	-3.89487
-10.2737	-2.26089
-10.8016	-1.29343
-8.34622	-3.65641
-3.22684	-5.01076
-4.66485	-4.7638
-0.682989	3.72321
-7.63121	-1.41244
-4.83057	-0.554253
-7.9492	-8.79084
-5.92082	-5.23269
-5.10268	-4.66861
-12.3825	-11.7239
-12.9564	-10.0572
-7.92077	-0.303812
-6.51448	2.65617
-1.63265	1.93519
-1.79866	0.336768
-1.32564	-3.42027
-1.46344	-3.48867
-1.74451	-3.73356
-1.80111	-2.52647
-0.10193	-3.22559
-1.89166	-1.77049
-3.09205	0.179454
-3.98231	-1.16974
-6.64444	-0.665215
-9.14859	-1.8453
-12.8691	-2.36976
-14.3655	-3.56792
-14.7518	-4.30222
-16.3949	-4.47016
-18.3677	-5.71376
-19.3253	-4.38572
-20.6448	-4.76421
-20.7737	-3.9959
-20.4345	-1.83033
-15.5143	4.80141
-15.8911	9.62495
-15.61	7.31123
-14.7767	4.54005
-16.3249	6.40005
-15.6829	6.6573
-16.3436	7.74048
-17.7048	8.09832
-19.6376	8.35353
-18.438	7.6799
-19.312	7.46544
-20.3972	7.62297
-20.8677	-1.5999
-21.735	-4.49201
-22.1684	-2.76387
-20.4899	-4.9558
-19.1163	-5.0694
-16.5789	-6.68155
-11.5303	-7.11915
-6.35487	-7.66956
-4.18547	-5.45478
-1.60319	-6.55077
-3.46569	-6.3428
1.98056	2.22709
-0.899525	2.04489
-2.67064	-2.0688
-8.35033	2.90837
-11.5929	3.33494
-11.3288	3.8317
-10.226	3.11059
-12.2942	4.43477
-13.4969	3.30626
-14.7497	1.52486
-3.06888	-10.9422
0.28672	-10.2838
-12.9703	-7.95485
-18.7943	-5.20092
-21.339	-8.68497
-20.7714	-14.5483
-22.1779	-16.7744
-21.6879	-20.025
-23.6308	-19.4297
-22.7702	-18.9256
-22.5887	-18.5772
-23.9926	-18.3915
-24.0561	-17.8436
-23.2512	-16.5325
-21.888	-13.738
-23.5873	-12.4857
-23.9785	-11.8732
-25.476	-11.9493
-26.4182	-13.3385
-26.466	-14.6341
-27.1136	-14.525
-28.1788	-14.2199
-29.3967	-13.7172
-27.5163	-12.6482
-28.2976	-10.6544
-26.8547	-12.1565
-22.7932	-12.0919
-17.3654	-9.3648
-7.21848	-9.20767
-8.4597	-9.94457
-7.45044	-13.375
-4.27743	-12.2271
-8.12986	-5.3279
-9.58298	-7.57841
-14.3085	-7.28788
-11.5321	-2.86478
-16.4307	-2.17188
-11.4306	3.80428
-11.2498	-4.13162
-18.9341	-8.82958
-21.7424	-6.27653
-21.6973	-5.12738
-19.366	-8.35735
-18.706	-7.10437
-15.9519	-7.24397
-14.887	-4.50856
-11.3879	-2.91418
-10.0189	-3.941
-10.1105	5.87518
-7.17367	3.01483
-7.56585	9.70403
-11.0503	7.27405
-12.6362	4.49315
-20.31	2.49899
-24.4419	-10.5185
-22.1464	-8.05483
-22.0339	-8.44481
-4.71112	-7.09252
-5.979	-7.06334
-6.49641	-8.75779
-10.2008	-5.86379
-11.8143	-1.639
-12.6875	0.277656
-14.8361	1.80706
-13.7188	2.6092
-11.6566	0.843464
-11.8777	1.34343
-9.78352	-1.60652
-6.86944	-1.82661
-4.87934	4.00849
-0.45799	-2.08447
-4.61946	-2.34525
-11.792	-6.81611
-12.2239	-10.1752
-12.2144	-11.7304
-12.1316	-1.60734
-13.5343	1.06223
-15.3036	-1.09582
-18.0995	-1.86012
-16.683	-0.592281
-19.8406	-3.18531
-19.0215	-15.3784
-13.0199	-13.1394
-18.7013	-7.45935
-11.3881	-5.19754
2.73955	-3.53123
5.80107	-10.9042
0.49274	-12.481
-13.9378	-3.24394
-16.4147	-8.10489
-16.606	-7.86326
-12.926	-9.97947
-9.42954	-4.2
-2.81547	-2.21251
-2.82913	-6.60851
-9.41047	-15.6945
-14.1008	-14.1332
-10.609	-15.5757
-13.112	-17.1409
-13.3778	-14.6017
-17.9345	-16.1625
-22.1542	-13.5093
-25.8652	-8.21585
-28.7821	-9.65875
-25.0581	-5.10985
-22.2247	-0.862076
-27.3116	-1.26148
-32.5758	-5.66918
-27.0199	1.56274
-34.4202	-1.62553
-31.496	-1.60498
-34.501	-1.97978
-23.1003	6.33838
-14.4588	-0.214101
-24.5171	1.1644
-31.0103	0.0879457
-19.7244	7.95807
-13.583	4.64227
-15.5503	8.4367
-14.5849	8.32933
-12.0709	2.2513
-12.205	1.81297
-10.2209	-0.260765
-10.5232	-1.06256
-8.25911	-5.03472
-8.22097	-1.44546
-4.36658	-3.56899
-10.8467	1.57378
-9.57816	6.14108
-1.97723	13.4058
-9.57042	12.091
-15.3603	-19.3743
-9.68571	-15.604
-5.14473	-8.51879
-9.42787	-9.73712
-6.08764	-15.3581
-10.7609	-14.9386
-8.924	-13.6707
-10.3711	-15.9869
-8.43867	-16.3499
-5.21655	-8.75232
-6.25543	-7.62322
-11.2802	-6.87512
-17.6623	-6.63224
-16.6821	1.86913
-22.6745	-1.23857
-21.3546	1.05997
-21.5718	2.41417
-19.4558	8.27332
-20.6487	4.80694
-18.4445	7.13643
-18.3963	-0.911884
-19.9568	0.683255
-18.258	4.25157
-15.634	8.34158
-21.6848	8.45858
-15.6257	4.14624
-19.6145	2.30276
-21.9104	-3.14617
-20.7499	-3.70863
-19.4183	9.02029
-19.8746	-0.611657
-19.7194	0.421662
-20.9224	5.86477
-16.209	4.31782
-19.3217	3.55357
-17.5294	1.0062
-12.9076	0.416732
-4.65712	-0.0252752
-8.10717	1.5835
4.86393	-7.20789
9.25136	-10.3469
10.4453	-8.29334
10.8856	-6.61558
7.38743	-7.94274
7.07028	-8.42739
3.05463	-9.60471
-1.00843	-10.9767
-8.37249	-10.2232
-17.2735	-5.46635
-22.6648	-3.62518
-26.598	-1.87647
-28.3742	-5.95417
-30.0635	-8.64892
-25.8544	-7.41819
-16.8037	2.83145
-17.1707	0.338428
-17.6151	-0.345309
-18.0887	1.81431
-16.7097	-4.2971
-18.9991	-16.3601
-31.8185	-10.5093
-29.0109	-17.2274
-27.9158	-19.7218
-26.5481	-22.5312
-24.9136	-22.7799
-23.2373	-22.6464
-21.3051	-19.3186
-15.1805	-6.78803
-9.43948	-6.1884
-11.0186	-1.33371
-16.5303	-3.28006
-14.1913	-1.2254
-19.0637	-6.51078
-12.9562	-7.76837
-23.7614	-9.84465
-25.3742	-12.7088
-14.1936	-3.00522
-19.859	-15.062
-17.8914	-19.783
-16.1896	-21.8577
-15.8875	-21.0923
-14.5367	-20.1978
-11.917	-17.6343
-10.2141	-6.52485
-10.4569	-3.91622
-14.3776	-4.04725
-17.1534	-9.27134
-10.716	-7.68992
-13.0207	-8.6228
-24.6422	-10.7537
-24.2635	-7.90422
-21.4022	-13.8641
-26.9964	-14.5391
-29.9715	-13.4756
-29.1536	-15.8698
-28.1289	-14.3625
-28.0627	-14.747
-26.3025	-13.6606
-25.2627	-8.8005
-24.8071	-10.7663
-27.3276	-9.76096
-27.3547	-6.90376
-25.5617	-6.71069
-24.1566	-1.06035
-19.2102	2.09802
-19.4723	3.66196
-19.8786	3.2576
-18.7109	3.53792
-17.3967	3.74554
-18.6579	3.88359
-19.5506	5.88516
-17.9412	2.1949
-18.7708	3.39655
-17.7869	2.64158
-16.4151	1.81346
-15.949	0.536259
-14.889	-1.32676
-17.7033	-4.67198
-19.4078	-19.2702
-21.1145	-25.3956
-21.0151	-25.7839
-20.4006	-26.7549
-20.6425	-28.0664
-20.4967	-28.314
-20.2464	-29.7805
-20.936	-29.6514
-19.7317	-28.9176
-17.3335	-26.1161
-13.7024	-18.2005
-11.8512	-10.6396
-12.9493	-7.2063
-10.5351	-3.70945
-14.1076	0.684732
-13.1837	-1.10784
-11.1857	-1.02663
-9.19605	3.84693
-14.7934	0.402559
-18.5849	0.583791
-22.4123	-0.735964
-25.1696	0.768046
-23.0105	-3.72515
-20.7782	-7.22895
-20.2714	-10.8966
-21.5927	-12.7304
-22.8414	-18.8534
-25.0737	-21.0842
-27.6077	-18.8953
-27.2242	-17.7339
-28.4994	-20.0618
-30.1195	-16.1592
-26.2128	-19.0406
-26.4752	-18.9618
-26.5098	-19.1752
-26.6561	-19.9189
-28.3842	-19.7779
-28.1399	-18.5325
-30.4898	-18.0777
-26.734	-18.5205
-27.8262	-16.3033
-23.2801	-16.5052
-23.4321	-15.3457
-24.7135	-12.9789
-23.888	-11.1833
-27.6006	-8.11899
-29.2848	-6.67657
-30.6153	-5.44349
-29.8644	-4.72962
-31.0118	-4.04249
-33.249	0.354013
-33.8892	3.1123
-29.6757	4.92451
-22.256	6.60479
-15.1093	6.3784
-14.529	2.25529
-15.2496	3.27722
-10.4668	3.16819
-8.17509	0.445678
-6.81714	-3.23202
-5.42149	-0.57603
-6.12914	7.82937
-2.41494	5.50696
-4.53214	0.0578865
-8.94822	-3.12608
-15.4441	-5.92908
-14.3473	-10.2759
-11.686	-12.7594
-12.1501	-8.98106
-10.8431	-6.80265
-11.0676	-6.8156
-8.90126	-2.63692
-12.3949	-1.12327
-5.53716	2.42227
-3.54732	-10.0088
-9.94608	0.260684
-7.84968	-2.61376
-11.2092	-4.19337
-14.0709	-5.30488
-18.9627	-2.43999
-18.6288	-9.74244
-23.2244	-1.87219
-15.5909	-9.15186
-9.53911	-4.48081
-9.1018	2.66828
-13.3444	-0.762573
-12.7977	-9.92254
-14.301	-14.3622
-13.7345	-11.4642
-18.8427	-9.38518
-17.4867	1.65491
-16.6855	7.70861
-22.1835	-0.0211414
-20.3438	-1.93257
-17.8801	-2.16185
-19.2442	-0.979452
-19.0155	-5.22264
-22.3114	-11.3413
-17.3289	-1.73421
-15.0286	7.6463
-21.191	0.85027
-21.976	-14.9615
-25.7868	-10.5299
-27.7501	-9.73054
-32.3408	-7.9101
-35.1012	-5.26051
-36.7607	-5.96264
-33.8101	-7.91197
-31.157	-11.5403
-24.3397	-12.5483
-23.0697	-4.7112
-19.2989	-3.95337
-17.0192	-0.72692
-14.8348	2.2505
-12.3759	1.06055
-16.0473	-11.3665
-15.0709	-9.35916
-15.4002	-9.2557
-14.8298	-9.07453
-14.0899	-10.5944
-12.4474	-11.52
-12.9621	-7.49269
-10.8388	-5.06833
-7.89798	-1.61347
-3.4642	0.62301
-4.39864	-1.23725
-1.4133	-3.03846
-2.48897	-4.88881
-0.217088	-1.52711
-1.28111	6.71509
-11.6707	5.29096
-16.2992	-0.607812
-16.4131	1.53265
-19.5936	3.00618
-20.6534	-0.827747
-20.2548	1.25924
-19.9616	-0.0533569
-20.3836	0.572482
-34.8907	-20.9418
-31.9981	-18.3318
-28.523	-12.6546
-30.2967	-24.1288
-20.5215	-7.71419
-17.9231	-3.3392
-13.9231	-6.76348
-16.4633	-17.9338
-17.3075	-15.9697
-15.4268	-16.5505
-11.7581	-14.7898
-12.1101	-10.5738
-12.3293	-6.24248
-10.6825	-8.01302
-9.61071	-8.48868
-6.26006	-5.86072
-7.98802	-3.93214
-8.10485	5.05133
-17.3573	6.93808
-20.0031	5.91911
-18.4871	-24.4868
-23.7989	-20.0783
-18.1762	-6.08324
-16.9222	-1.82354
-13.2207	2.87069
-13.6488	3.88008
-10.8181	9.10772
-11.1547	-1.85259
-19.649	-8.18308
-20.1027	-13.2864
-24.044	-9.4196
-28.7036	-11.6505
-28.3313	-16.7455
-28.0808	-18.2244
-29.6635	-19.884
-25.1173	-25.5027
-21.4363	-25.5131
-19.46	-24.5709
-15.0403	-24.0197
-16.8188	-18.9017
-15.0276	-18.7171
-14.1495	-10.0328
-15.4504	-13.3018
-9.39674	-9.69144
-7.15974	-3.32553
-11.4527	-0.706669
-15.4733	1.20951
-12.7968	1.60492
-9.48835	-2.28459
-8.41518	0.975212
-12.577	2.91906
-10.3183	1.80224
-16.5659	0.607667
-18.5952	-4.8335
-21.7952	-0.233699
-20.0056	1.12563
-21.1557	-1.8333
-18.6231	5.33313
-20.9887	0.980199
-20.3493	1.61837
-22.4607	5.62452
-26.1098	0.982097
-25.4498	0.23096
-21.8957	1.94463
-17.8508	-1.53363
-20.6273	0.549938
-16.9721	4.11352
-20.1636	1.60691
-24.5829	1.54515
-20.2648	2.70353
-28.0257	-5.25429
-33.9175	-9.1704
-27.1331	-2.4049
-26.12	-6.77736
-27.7788	-9.01697
-30.5057	-9.66093
-29.6488	-12.9447
-35.149	-14.9512
-40.6248	-6.31798
-38.5951	-11.7708
-36.276	-15.1889
-36.0775	-17.097
-33.2536	-18.9865
-32.2787	-19.9053
-32.4825	-19.8416
-33.326	-18.9964
-35.0304	-17.2121
-34.9995	-16.8712
-35.2381	-15.5182
-33.7986	-16.4099
-33.3941	-14.672
-34.1635	-11.9855
-33.0347	-8.81489
-33.2746	-7.17415
-32.5392	-5.0648
-31.7796	-3.57632
-26.3178	5.87598
-13.5079	-3.92925
-14.2869	-4.46077
-11.6247	-5.76988
-10.9246	-2.2428
-15.6702	-0.854031
-9.49048	-8.2533
-18.0566	-14.2101
-10.7543	-22.1899
-7.7477	-20.9886
-6.02454	-13.6877
-12.476	-11.2235
-12.4356	-8.2992
-6.47544	-10.2732
-7.39259	-14.237
-12.8955	-12.994
-10.9026	-11.9273
-11.0381	-12.2901
-6.88738	-10.3297
-7.46	-10.2168
-7.22965	-14.6486
-4.25146	-12.5865
-2.53224	-11.8983
-0.697065	-10.6953
-3.64477	-12.0741
-4.13514	-9.73444
-3.53911	-9.91217
-4.01183	-5.55736
-6.73159	-2.65101
-2.41775	0.536265
-6.01388	-1.58491
-10.4205	3.41048
-12.3826	0.434554
-19.4859	-0.128716
-20.1603	-4.07333
-22.6905	-2.98727
-22.5825	-0.739822
-20.2839	-1.4456
-18.6954	-2.98738
-18.0389	-1.78386
-15.4155	-3.18883
-11.502	-2.9258
-10.6769	-2.69739
-10.2999	-2.11083
-7.30071	-3.30145
-4.92414	-4.04933
-3.53492	-6.09092
-4.22391	-7.35479
-5.97708	-6.69747
-8.00996	-6.48162
-11.0252	-4.85112
-18.5634	-4.57538
-19.3976	-5.88786
-24.8843	-8.48534
-27.9999	-15.1031
-29.1767	-16.834
-28.8752	-21.9034
-29.862	-25.4669
-28.2767	-24.7133
-25.5111	-30.7504
-24.4291	-32.0011
-26.8536	-26.5204
-20.8183	-31.5038
-16.4199	-30.839
-13.5297	-28.864
-12.9294	-24.5413
-17.1769	-13.3733
-12.8426	-6.56419
-15.2883	1.71232
-15.6712	3.53293
-9.87763	6.79763
-11.203	-0.545588
-15.8378	-8.42853
-15.9439	-12.9236
-11.8552	-10.76
-14.3411	-14.4727
-10.0523	-13.9686
-16.1827	-13.2391
-16.1751	-9.3221
-19.9619	-7.87859
-20.805	-0.831511
-28.0384	-6.9891
-28.5324	-9.08361
-33.3793	-6.10721
-32.848	-4.90827
-32.0754	-4.40429
-30.412	-2.60486
-27.7623	-1.90089
-24.8418	-1.26036
-20.3212	-2.04214
-16.4146	-3.80485
-13.7157	-7.55469
-12.2436	-7.79284
-10.0164	-4.10158
-6.09019	-1.09601
-12.0404	4.28233
-15.1011	-0.765858
-17.3603	-3.71431
-19.6208	-2.35525
-21.772	-16.2848
-22.5414	-26.2839
-24.9752	-18.2999
-29.9329	-12.2697
-30.4457	-13.5478
-25.0731	-4.63521
-15.0955	-12.8963
-16.3839	-15.9753
-14.7494	-15.0946
-20.4638	-4.88748
-21.6052	-0.0358325
-20.1638	-0.439591
-19.2448	-1.1261
-21.5761	2.85774
-19.3688	1.81294
-16.739	0.00264772
-15.1787	-2.10621
-20.5169	-5.66667
-25.5092	-1.11228
-25.5535	-2.24228
-25.3338	-1.77121
-24.3188	-2.97171
-23.5001	0.264543
-17.7068	-3.32456
-16.0894	-3.87899
-19.8316	-0.0671121
-12.7101	-1.90023
-12.2647	3.42101
-14.0129	5.04231
-11.3787	4.78427
-12.5375	6.84057
-12.5696	5.50659
-10.0221	7.57584
-14.6096	5.66244
-15.4284	2.15425
-20.9322	6.07548
-22.1498	-4.61002
-20.4735	-0.152678
-24.0067	-2.99033
-20.3067	1.18601
-20.5247	6.05952
-17.4598	0.616562
-19.3841	3.53411
-23.0112	3.0399
-14.8813	5.85557
-19.662	3.78911
-18.2065	0.066149
-17.8748	2.11672
-21.3424	-2.18417
-18.8855	-2.64132
-21.5145	4.58825
-19.6338	5.10534
-18.011	2.07757
-20.4403	-1.50653
-21.5502	2.91291
-16.1933	9.25088
-14.1998	8.2162
-10.2495	-4.24431
-13.6386	0.986783
-10.9299	-4.66581
-13.3915	-2.08163
-16.7023	3.27635
-14.0566	1.88301
-25.4976	-2.82893
-30.0248	-9.33468
-29.2158	-14.9924
-29.0671	-15.1142
-27.5146	-14.8674
-26.5623	-13.8168
-23.2097	-9.20331
-19.019	-4.39266
-15.667	-5.25687
-14.9846	-2.26942
-12.5309	-0.6066
-10.7925	-1.58308
-8.48396	0.381246
-6.53222	-2.84224
-5.5839	-3.72457
-6.92927	-2.15499
-9.90571	0.90843
-10.2873	-1.43914
-8.19574	-0.110578
-9.29253	0.107945
-7.11813	7.80088
-10.8622	11.3264
-13.8573	10.4408
-19.7184	3.39805
-22.9025	4.96675
-20.9105	3.31747
-20.1857	-5.80558
-18.3449	-9.55498
-19.2368	-10.6246
-17.7393	-12.449
-16.3651	-13.8725
-14.471	-12.0686
-11.8546	-4.79843
-6.8381	-3.3072
-5.71805	3.79935
-7.64244	5.7775
-9.21173	-5.42811
-16.6531	-11.0489
-13.2697	-14.2995
-13.3758	-16.4746
-6.48079	-11.1706
-8.57468	-13.5447
-10.0085	-10.9346
-11.3032	-16.389
-11.0572	-12.6815
-6.87228	-8.1902
-7.95753	-3.16219
-7.60911	4.22113
-12.6096	0.300085
-12.9317	-2.48666
-16.301	-6.72064
-17.6632	-8.95034
-19.0034	-11.8337
-21.5187	-13.4072
-23.2972	-13.2899
-25.4347	-14.2095
-26.7246	-14.8354
-28.8458	-16.4664
-28.4354	-14.4391
-28.7059	-15.7756
-29.0289	-15.4279
-29.196	-13.7366
-27.7666	-14.8119
-29.6641	-12.6568
-29.4463	-15.5543
-29.6151	-17.9753
-31.4596	-18.7232
-31.542	-20.634
-31.2953	-21.6284
-30.8907	-19.6451
-32.3506	-19.3849
-32.0275	-18.814
-31.9855	-19.0445
-30.492	-20.7012
-23.4374	-19.0752
-16.8075	-9.56998
-18.1075	-6.30006
-17.379	-8.89431
-14.772	-4.81766
-6.91358	-0.149442
-10.9551	-8.14313
-4.09711	-9.78607
-7.5794	-5.83913
-8.99696	-12.8296
-7.28095	-14.5027
-10.7157	-17.5653
-9.96488	-9.18287
-15.1902	-10.4902
-20.9707	-10.5851
-20.868	-9.92459
-17.0241	-9.21615
-18.314	-4.34952
-17.9539	-5.48634
-12.4213	-7.24625
-16.1961	-11.003
-19.5997	-10.37
-22.0626	-9.41988
-22.1978	-7.64308
-21.9921	-4.09492
-13.3566	4.77385
-14.9941	6.40412
-13.7111	4.89013
-12.0478	6.73029
-11.5568	4.51963
-11.209	4.56672
-10.3536	4.17603
-9.01845	3.24999
-10.478	4.26637
-10.5589	4.23344
-7.82654	2.49418
-5.23318	-1.55288
-6.81476	2.00652
-9.38829	3.52622
-11.9383	-1.3607
-16.4183	-3.1114
-18.947	-4.76686
-19.7223	-4.95083
-18.7048	-6.13053
-20.2329	-3.87756
-20.4944	-2.59509
-20.3309	-1.55345
-20.893	2.78281
-15.7941	4.04342
-9.26593	2.42213
-5.07884	2.76972
-9.15718	7.02551
-8.79155	7.45588
-13.1583	-3.38247
-9.98473	-9.96422
-16.5465	-13.7196
-8.74018	-19.443
-9.11821	-18.2425
-6.87659	-7.10973
-9.54995	-1.56204
-8.50531	-6.59773
-10.6555	0.144834
-14.1021	-4.80893
-21.4139	-7.71206
-23.3309	-14.0411
-24.3245	-16.3286
-27.7308	-12.1138
-29.8585	-9.42929
-27.487	-9.9764
-24.7205	-8.95873
-19.0382	-2.68437
-10.9543	-1.70025
-10.2752	3.48116
-16.7632	-2.99567
-20.7507	-3.62999
-25.8491	-6.18315
-25.5585	-9.81824
-16.051	-2.83427
-18.3406	-4.73853
-20.8413	-5.2867
-26.4631	-0.392362
-25.5416	0.380048
-22.423	-0.583461
-20.4513	1.8358
-12.238	1.72114
-14.3954	2.65589
-16.1082	4.53067
-14.9717	2.15492
-16.3089	3.66012
-16.2754	2.51904
-12.9966	-2.48709
-8.55083	-9.75706
-3.74392	-15.3241
-1.72057	-17.1762
0.861915	-17.6065
1.16166	-17.5014
-1.92497	-13.8944
-7.03292	-7.82903
-12.1265	-4.06051
-16.2607	-3.83196
-17.5284	-2.75659
-19.8696	-1.52115
-19.8722	-2.80431
-21.563	-1.34657
-19.456	9.10516
-14.8009	6.57082
-13.8185	6.0877
-15.192	7.52787
-16.4624	9.3308
-15.8336	8.13034
-23.3044	6.14353
-30.0353	-1.19913
-32.0278	-4.93407
-33.4077	-5.66838
-33.2336	-7.45837
-33.8826	-6.89813
-33.1298	-6.92046
-32.8008	-8.14472
-30.657	-4.85943
-23.3707	2.76586
-20.6287	8.45222
-19.1667	4.47388
-16.4902	2.12263
-11.707	-1.91102
-7.58964	1.64994
-6.5288	2.25657
-11.8803	3.26862
-15.1167	3.49205
-18.4918	-2.29465
-20.1063	0.363258
-14.2293	1.12303
-16.557	15.4487
-15.0833	5.68741
-11.1657	4.29401
-19.2306	2.88592
-10.3703	-0.690219
-13.4291	-0.123432
-11.5126	-7.72696
-8.93795	-9.73398
-7.75917	-10.2313
-8.482	-10.3416
-9.17255	-9.37465
-11.2221	-7.16226
-7.58677	-4.51323
-11.339	-5.45145
-8.46909	-2.79466
-12.9123	-3.24394
-6.54111	-5.61358
-9.86334	-2.6041
-12.7794	-0.871242
-13.8392	0.0360362
-16.8516	4.04991
-16.0008	0.41157
-10.4225	6.3738
-15.7236	-4.55703
-29.0204	-11.6888
-28.4332	-15.5466
-30.9994	-16.5463
-32.1325	-14.838
-34.3866	-11.1797
-33.5205	-12.1651
-31.6649	-12.3822
-25.0396	-17.7184
-19.952	-16.2215
-16.3696	-9.77557
-6.86457	-4.67175
-10.7458	-8.85761
-9.71798	-14.8624
-10.146	-17.7572
-13.3222	-19.3391
-10.2914	-18.3192
-11.2958	-13.825
-9.40766	-22.1026
-12.3453	-15.4613
-10.1499	-10.7953
-20.457	-11.3378
-18.0967	-1.78907
-18.8871	-16.484
-24.0257	-17.5729
-29.1815	-19.5289
-33.9617	-14.5061
-33.9062	-14.7781
-31.9203	-12.9405
-25.8622	-18.6
-22.3812	-24.0179
-18.0209	-25.297
-14.3112	-26.0167
-9.21938	-15.3067
-12.4296	-3.78816
-17.4878	-0.492925
-21.2903	-3.83508
-18.8292	-7.34682
-19.2487	-1.68945
-20.8122	-0.503524
-15.4028	-0.010509
-13.8117	-9.82077
-13.7198	-20.2532
-14.7651	-17.2712
-17.2332	-13.0409
-17.01	-10.9848
-16.1575	-6.35627
-16.0799	-5.11081
-15.0625	-5.74604
-14.1209	-2.71058
-14.8868	-2.48251
-13.542	-3.07907
-12.5694	-0.416622
-9.98558	-1.73909
-11.1562	-2.62554
-9.92657	-3.8621
-13.7036	-8.42257
-12.9219	-8.79871
-13.7777	-8.61968
-15.3982	-6.55822
-12.5106	-5.62795
-9.73016	-3.47749
-15.6176	-1.12762
-19.3688	0.402598
-20.7623	0.269245
-21.0555	-0.847133
-20.5743	-1.3935
-21.2252	-2.05383
-21.4764	-2.4652
-19.9982	-1.27492
-13.6597	-10.3322
-12.0837	-7.78369
-15.2313	-3.89467
-12.0475	-8.9824
-14.3447	-7.78539
-17.2007	-5.95797
-16.4255	-1.84847
-16.4	0.613354
-9.53518	0.291872
-9.87772	1.72309
-9.80856	3.28834
-9.74119	1.16579
-10.3183	-1.26197
-9.75161	-4.13912
-10.0945	-5.66036
-10.9862	-8.31545
-13.2647	-11.7409
-9.54588	-7.16662
-7.99755	-12.6429
-11.4108	-10.1989
-9.53963	-7.85116
-9.77632	-10.6188
-10.8616	-8.7957
-18.776	3.07102
-19.6985	5.33558
-20.1831	1.6835
-20.5034	0.141135
-19.1597	4.97321
-19.9075	3.18692
-19.0666	-2.69259
-21.9163	-3.59984
-20.0636	-4.04737
-23.1843	-2.54217
-22.9185	-8.78289
-25.6906	-9.0946
-20.4515	-15.1481
-23.9305	-19.9599
-25.529	-20.7494
-24.1521	-22.6627
-25.7392	-17.5092
-20.0888	-8.68084
-14.542	3.06741
-16.187	5.4097
-16.3264	6.83348
-15.9203	9.0084
-17.3176	7.32107
-27.5769	-4.6683
-35.6016	-4.87912
-37.5811	-2.71327
-34.8511	-5.98798
-36.2636	-3.95442
-38.2682	-1.12143
-37.5759	-3.44481
-34.8287	-5.46688
-34.063	-7.43114
-32.7065	-6.27156
-31.7813	-5.99803
-27.4112	-7.49211
-25.5482	-7.60297
-22.569	-8.80534
-19.4191	-6.29618
-11.3797	1.03838
-9.11505	-2.03373
-9.29098	-2.97634
-9.38006	6.66669
-9.38436	7.96415
-5.48695	0.436138
-12.6751	-0.760743
-18.9855	-0.520991
-24.9676	-8.60125
-23.7045	-10.5022
-21.8186	-16.5995
-21.3094	-16.7704
-27.6477	-15.0557
-28.7117	-11.6459
-29.3787	-11.8568
-29.7181	-12.1833
-28.5697	-15.3551
-27.8602	-14.0064
-25.7163	-12.5496
-21.8676	-9.0178
-17.1295	-7.44582
-13.4797	-6.01452
-11.9502	-4.75079
-17.1552	-2.85957
-15.0727	0.0148272
-14.4571	1.76252
-14.8439	-0.615308
-8.89979	-2.4864
-8.75544	-1.568
-6.63644	-2.0121
-5.49205	0.0217398
-5.94522	4.08894
-7.23838	-9.36269
-9.8028	-13.2292
-12.8556	-11.3279
-11.1429	-6.94871
-7.07238	-8.65079
-8.56404	-12.6823
-4.48997	-4.16166
-6.27513	0.746837
-5.31158	2.94239
-12.0628	2.18119
-16.2087	4.11068
-16.3122	3.73874
-21.4376	4.11984
-11.7557	6.09601
-9.02342	0.876416
-6.49444	-3.32958
-7.97244	-1.58764
-9.61256	-1.96716
-13.1865	-2.35271
-11.3246	1.56482
1.54209	-0.879169
-14.6316	-3.57739
-22.605	-3.76938
-24.7616	-6.87618
-29.1164	-7.70093
-28.8826	-10.2101
-31.3538	-10.6727
-32.0226	-10.4783
-31.1802	-11.7443
-30.2059	-11.7804
-32.5401	-10.9409
-31.4992	-12.6837
-26.0725	-17.9319
-22.1816	-17.8884
-17.5729	-14.6196
-16.5804	-7.84064
-12.2465	1.04157
-15.3513	1.5155
-21.6967	-5.38229
-20.2296	-5.45782
-24.5511	-6.92745
-26.2585	-10.9917
-24.5385	-12.3022
-26.3713	-10.1751
-31.4469	-17.2084
-31.4616	-15.9819
-32.6538	-11.2344
-32.7108	-10.7827
-25.8576	-9.0669
-20.9548	-6.83186
-18.7171	-9.71838
-15.9826	-10.0056
-13.9721	0.218642
-19.8399	-0.288885
-22.7086	-3.37231
-24.7467	-10.4085
-23.065	-7.40507
-25.5049	-7.43854
-26.8156	-9.98661
-23.1394	-4.54802
-33.0348	-5.28885
-32.4838	-7.87257
-31.8808	-9.77189
-30.4397	-10.4305
-27.0672	-2.19356
-22.3225	7.82826
-22.6153	10.3923
-21.7346	9.47906
-23.9626	7.2411
-26.9998	-0.433521
-29.6721	-8.03201
-32.3057	-16.0213
-34.2547	-13.4358
-34.1972	-11.178
-34.6509	-9.66925
-33.9883	-9.06652
-34.109	-8.39169
-34.1666	-6.28502
-30.0595	-5.2894
-19.8729	2.48622
-17.7456	-2.40608
-21.9086	-2.52617
-23.6338	0.236328
-28.5942	-4.48375
-25.4916	-6.01648
-24.3397	-6.94097
-15.8348	-13.5513
-6.51397	-2.45146
-4.87651	-9.15883
-1.43244	-6.61826
1.14942	-7.21887
1.10716	-4.05875
1.1264	4.65956
-0.444029	3.69177
-5.50916	4.35202
-4.21819	-0.0806447
-7.17173	-0.297499
-9.30521	4.64582
-4.41674	4.68638
-5.90923	3.51257
-4.77932	2.53194
-5.18011	3.96482
-5.19031	4.6617
-8.90028	6.89857
-18.2184	-0.226017
-20.5839	-2.13273
-24.4089	-2.89564
-30.8199	-2.3409
-29.8346	-5.38886
-30.3881	-7.78499
-31.1912	-8.75497
-28.6823	-11.3542
-23.2948	-10.7102
-17.7498	-1.61258
-13.0642	5.65301
-20.5656	3.68446
-22.6985	-4.22256
-19.5664	-5.18374
-21.9853	-2.39297
-18.863	-4.99832
-22.9209	-10.2298
-24.1271	-8.52227
-24.6801	1.47833
-24.4178	3.21932
-23.6812	-7.09691
-17.0082	-9.20832
-20.1573	-13.7836
-20.2649	-13.424
-15.2979	-7.2587
-13.2118	4.27427
-11.7502	6.99562
-13.936	7.83726
-14.222	7.47191
-14.9938	7.75641
-13.7708	6.9283
-13.5874	9.14594
-14.8863	8.08752
-14.4324	8.81091
-14.0338	8.74238
-13.1804	8.12064
-12.8858	9.37107
-14.9969	4.4926
-24.6929	-6.73335
-26.6026	-9.19813
-29.3525	-9.00818
-32.2828	-6.37317
-34.0304	-5.28685
-33.5783	-5.00802
-29.4673	-9.7307
-26.8407	-10.1184
-23.7894	-11.1641
-16.8073	-5.39743
-19.4003	-4.26804
-23.1038	-3.09891
-24.1408	-6.03244
-24.51	-10.4344
-23.1627	-12.7286
-24.8079	-12.4357
-25.212	-10.4466
-23.8398	-13.0498
-19.8998	-16.4583
-13.8477	-14.2714
-7.36555	-10.9951
-5.17669	-8.19333
-5.08617	-13.7242
-7.92981	-20.9883
-7.20692	-12.91
-11.427	-13.6233
-16.8725	-16.8738
-13.9025	-21.467
-13.6442	-15.3713
-20.3197	-4.50895
-22.5561	-14.3595
-24.1221	-22.2489
-26.1042	-20.7869
-28.3182	-17.0647
-31.8387	-14.231
-31.1181	-15.9329
-28.2524	-16.7342
-14.6796	-10.6623
-7.79945	5.03877
-14.6024	6.19611
-14.9556	5.61566
-12.7638	-8.54392
-9.83893	-12.85
-25.1755	-13.4826
-30.4671	-11.6832
-31.3965	-12.3966
-32.3702	-11.6507
-32.573	-10.2404
-34.6753	-7.49501
-37.0589	-2.5759
-36.4304	-0.565453
-35.1947	0.277325
-33.8857	1.38718
-33.7134	1.97808
-33.0194	5.03022
-31.4533	6.72444
-26.6389	1.39263
-25.6066	4.91938
-16.2928	2.86417
-21.9919	5.57439
-12.415	5.1348
-17.8145	6.3979
-15.4158	0.538309
-15.4649	2.24468
-12.0105	1.41051
-9.12317	-0.206561
-12.0546	1.33184
-10.3827	0.54348
-6.70685	8.50229
-12.8062	9.0397
-14.9581	11.2651
-14.3864	5.20224
-16.2186	6.08696
-30.1479	2.60126
-25.8687	1.69866
-20.9882	6.54785
-21.9231	2.36423
-20.2468	2.16189
-20.792	1.59702
-22.5759	0.40824
-19.0071	-0.0736161
-19.1906	1.43708
-21.0868	2.69593
-20.3171	2.27629
-21.3721	-3.1267
-22.9455	3.8683
-16.9418	2.5764
-17.8731	-1.68407
-14.8894	3.55722
-16.7952	3.74547
-18.6113	6.62078
-19.4474	5.4312
-17.8883	4.45382
-12.8161	5.84997
-11.4796	-14.9538
-17.2604	-17.391
-18.0834	-14.6559
-16.3653	-13.0334
-15.7585	-11.674
-16.5632	-5.13
-11.8393	-3.75218
-11.8161	-4.27211
-12.4949	-2.48527
-11.1944	-1.00807
-12.3504	-0.972688
-11.669	-1.15363
-12.8797	-2.63972
-12.214	-2.85848
-10.9088	-2.35767
-13.1141	-4.28561
-18.3444	-8.55397
-20.4652	-13.3109
-22.0639	-16.4045
-21.0267	-17.9899
-19.6019	-14.3895
-11.2665	-13.7887
-1.30072	-5.07393
-1.81332	0.847247
-8.60485	-7.82013
-9.22406	-10.4235
-11.1203	-5.81857
-16.7499	-10.8517
-17.614	-12.6839
-17.5802	-10.0235
-17.029	-10.1156
-19.6857	-7.16652
-22.2506	-2.89295
-33.2823	-6.94824
-33.6405	-10.4989
-34.1826	-7.11365
-31.2264	-6.64513
-27.1412	-7.90039
-22.3827	-7.98489
-15.1256	-10.6816
-7.26914	-12.0572
-2.75152	-14.9369
1.30729	-13.1811
-12.5709	-6.725
-15.0104	-6.37805
-11.6708	-6.53688
-12.9724	-5.22693
-6.98332	-4.27642
-7.06895	-1.41782
-6.87088	2.00039
-3.32042	0.935924
-7.28122	1.4329
-15.6108	0.158646
-18.1122	-0.97672
-25.9682	-4.51664
-31.4882	-7.1133
-34.5767	-7.61683
-34.1327	-6.04535
-31.0437	-6.54797
-30.9393	-8.67295
-30.3876	-12.08
-30.5141	-12.464
-31.3211	-9.84028
-30.2585	-8.99825
-30.8297	-8.24199
-29.7232	-6.08261
-25.8478	-5.1661
-21.4198	-4.63734
-21.0269	-1.84357
-17.8116	-0.933096
-19.19	-0.562326
-28.0465	-13.0634
-31.2477	-24.1085
-27.417	-14.6935
-22.1684	-7.90771
-22.526	-0.299483
-19.9503	-5.34664
-15.3174	-8.98785
-21.1932	-8.48303
-24.5712	-3.80649
-22.9626	-2.71578
-23.9264	-5.53166
-23.6999	-8.32063
-22.9917	-9.12586
-21.3906	-10.6062
-20.7748	-11.743
-22.0374	-10.8414
-22.47	-7.97275
-15.0797	-2.15363
-13.3289	2.95744
-12.1279	2.78389
-14.2082	6.10747
-15.5707	9.38693
-18.1156	10.5892
-16.3678	3.43617
-21.032	-7.97621
-32.0076	-2.40187
-30.6983	-4.33101
-31.2108	-3.27932
-31.0002	-3.35109
-28.63	-4.1204
-26.8206	-4.05585
-14.3241	-4.36871
-6.90479	2.70572
-10.816	-8.78053
-14.9381	-14.5397
-12.4189	-14.8899
-9.11565	-8.79745
-8.42486	-10.0122
-8.32557	-7.42599
-4.15807	-7.08017
-8.9796	-8.68784
-13.2806	-4.76003
-7.06812	5.40699
-14.6759	-2.12335
-21.2036	-3.93471
-24.978	-0.943796
-25.4844	-3.14349
-27.2543	-3.73833
-27.2406	-6.69583
-27.5387	-7.76535
-28.5037	-9.47169
-28.8984	-10.0082
-31.6099	-9.04363
-33.3725	-6.70821
-34.7388	-6.56442
-34.0019	-8.81222
-34.3122	-10.8167
-33.1038	-14.5682
-30.9666	-15.5936
-28.7002	-12.3276
-16.3128	-0.532755
-14.477	4.51506
-20.8035	2.06441
-23.3469	-7.30445
-18.3308	-10.5585
-19.8135	-6.51256
-24.3902	-10.7072
-22.2469	-12.2558
-23.547	-7.69945
-20.565	-5.59458
-19.6716	-9.15281
-19.2385	-6.47179
-14.4034	-5.7049
-9.65182	-4.39581
-5.1459	4.42564
0.434489	3.56032
3.80309	-1.92998
5.92002	2.2039
6.64439	8.84431
6.86812	1.41319
7.50782	4.62292
8.36857	-1.16107
7.61199	-1.26973
3.89335	-3.99416
4.36454	-4.70334
0.3203	-7.76351
-2.00267	-7.541
-4.41198	-5.54228
-7.91563	-7.1815
-11.0431	-8.75343
-16.4746	-4.71916
-18.4544	-4.21205
-18.6016	-2.98629
-16.5254	-2.363
-17.41	-0.301844
-13.8958	-0.97983
-15.8161	0.748673
-14.0923	3.05113
-11.9805	5.46295
-13.8486	8.15753
-11.0035	14.2065
-15.7083	8.01811
-16.2162	9.6375
-17.058	4.8586
-20.3456	3.83182
-21.1066	2.25009
-19.6768	3.19644
-20.3498	1.92983
-19.0412	2.9827
-18.488	-1.24141
-16.7797	4.13231
-18.3744	2.67176
-18.2919	4.96197
-20.3199	1.07852
-19.5535	0.332432
-22.146	3.23911
-19.5864	3.73389
-20.0374	3.28314
-18.7998	4.20423
-21.3261	2.90763
-20.1591	5.19927
-21.9457	3.05948
-20.6962	2.05759
-20.9227	2.57951
-18.5653	5.35404
-15.2702	-4.73602
-17.9134	-7.61374
-13.2118	0.0921223
-8.22169	6.99494
-11.0324	-1.00776
-18.1599	-8.11918
-12.253	-5.47255
-9.74795	-7.02296
-6.64922	-5.09541
-3.35493	-5.76374
-0.868335	0.228501
-2.74693	-4.74959
-7.35791	-12.4141
-10.3999	-12.8081
-10.3864	-9.26712
-13.3875	-11.7205
-11.7066	-7.29028
-7.99285	0.164176
-12.6557	-5.13345
-14.3338	-7.07443
-16.8266	-8.80268
-16.8757	-7.07765
-16.1033	-6.86888
-17.2204	-2.36487
-15.2812	-0.448147
-13.0749	-0.448889
-11.7263	0.627685
-14.0069	-4.9455
-12.9076	-4.68502
-14.6654	-4.79536
-13.5668	-6.01762
-13.6799	-4.07659
-10.9345	-7.40314
-9.71546	-6.77202
-10.1735	-3.71152
-6.96619	-4.33902
-6.50459	-1.13949
-6.26218	0.832531
-3.90136	5.86502
-10.503	8.70694
-14.7589	6.54707
-18.2201	2.51904
-21.1286	-2.27161
-23.8255	-5.89768
-26.1895	-9.29103
-26.1441	-11.925
-26.6085	-14.2622
-27.4144	-15.2719
-26.3849	-16.9312
-26.1201	-14.3689
-23.4319	-12.2511
-18.744	-7.46584
-13.7885	-0.78525
-16.3114	-0.439471
-18.9779	0.702123
-16.3564	-3.03956
-13.2774	-4.87953
-18.8282	-7.89073
-18.6685	-11.9836
-19.2111	-9.96152
-18.7455	-9.36912
-18.0258	-7.91579
-18.1119	-8.23868
-18.5168	-5.9562
-17.6271	-4.32845
-17.6103	-0.65114
-15.9415	-3.0884
-13.5907	-4.50931
-10.8014	-7.12339
-11.2719	-5.64144
-9.23945	-3.83921
-7.8672	-4.16067
-6.30337	-1.22554
-11.2757	8.58623
-14.9895	5.54132
-21.2939	-1.10573
-16.4274	0.975856
-7.23258	0.694119
-15.588	2.75529
-14.2358	-3.69417
-15.7231	-8.24575
-20.8945	-4.60698
-22.609	-2.20308
-20.1088	0.0660421
-12.7321	0.617061
-15.351	2.91311
-17.3667	4.22234
-17.1893	6.04671
-17.5755	7.99971
-17.8408	7.54818
-18.142	8.89899
-22.5101	7.59473
-29.683	1.45565
-29.4431	-2.54997
-28.6839	-3.03131
-26.981	-2.28144
-23.9883	-3.03781
-19.5649	-3.99946
-15.0109	-7.22276
-11.8885	-7.00832
-8.48531	-8.59176
-2.74985	-9.53945
-1.71588	-5.48234
2.52837	-5.69853
3.52337	-5.90592
2.93989	-7.27969
3.79426	-7.80029
3.23207	-9.54297
1.32968	-8.58043
-0.437009	-8.5074
-2.70221	-8.90882
-9.3577	-7.6892
-15.7713	-5.48202
-20.0449	-5.65136
-22.8466	-4.90136
-26.1964	-3.86909
-28.3711	-2.52878
-31.4827	-3.59735
-27.9411	3.20264
-18.2873	8.3126
-15.5925	5.67267
-13.6087	2.99003
-12.6017	4.68155
-8.53112	2.92318
-7.92347	8.31267
-5.98957	2.1273
-3.68075	8.91645
-7.17156	6.79014
-11.0766	5.83376
-13.1162	6.29018
-18.1797	6.77645
-19.6973	2.40613
-21.1337	-1.48621
-21.9569	-0.107649
-16.0907	2.15071
-12.4974	2.92306
-32.5106	-11.3449
-34.3412	-14.8641
-35.2447	-10.4831
-37.1874	-8.09324
-34.1972	-10.2031
-34.2661	-9.5097
-33.9754	-6.78002
-31.506	-6.55652
-17.7447	-2.64892
-28.2485	-6.49812
-30.1204	-8.6412
-24.0459	-4.75052
-21.7051	-4.3872
-22.635	-6.51525
-14.2517	-8.32222
-8.62447	-20.1924
-8.07024	-19.0263
-10.2915	-18.2388
-12.1094	-11.9075
-7.84596	-5.1979
-7.87284	-7.88802
-16.8252	-5.45796
-14.8111	-5.05538
-13.0483	2.41421
-17.0219	3.80949
-21.2409	3.308
-18.1717	1.06592
-19.0025	4.87799
-14.2528	-5.01842
-15.3652	-16.1968
-14.9037	-20.7537
-14.912	-18.5568
-13.2881	-16.4936
-8.82492	-16.0419
-2.58097	-9.24273
1.63052	-8.30124
-3.20851	-8.70591
-6.9605	-12.5458
-9.29071	-17.3012
-4.88393	-17.4247
-7.53271	-20.5682
-6.55065	-14.7639
-12.1475	-18.2588
-13.3146	-18.8619
-10.9854	-9.02388
-1.39382	1.33116
-3.62693	-0.874842
-2.89501	-4.44219
-4.01605	-4.8247
-3.29024	-5.41196
-3.72431	-3.52995
-9.2928	0.0527798
-11.4096	1.55852
-13.1186	4.93503
-16.7157	7.71004
-9.19618	2.38686
-8.90225	4.32389
-8.90165	4.40819
-7.79966	0.357687
-8.48506	2.30446
-4.95535	4.5918
-4.9305	6.39741
-4.09318	8.57755
-11.4832	1.74967
-12.7816	2.41278
-21.7233	7.27774
-20.5009	4.42326
-20.9635	3.77991
-19.3833	1.14022
-15.3173	-0.612325
-11.9415	-1.49786
-9.83409	-4.34505
-16.3557	-9.59686
-23.6515	-5.48824
-30.4017	-10.7001
-20.3047	-9.05369
-25.2795	-10.967
-22.8835	-6.05257
-22.1848	-4.85839
-20.3413	-2.39586
-22.0342	-7.92125
-17.693	-9.99291
-18.8866	-8.67059
-14.6188	-1.41527
-13.8122	0.390197
-11.178	4.72393
-8.66195	-2.80441
-15.8254	-10.0815
-11.2984	-10.8729
-13.1044	-12.8006
-7.98942	-6.18187
-3.70731	-14.9134
-6.62829	-15.2917
-10.7977	-15.6472
-6.06017	-16.0414
-6.40877	-16.1642
-8.66621	-20.0568
-12.2013	-17.9609
-11.2823	-19.4142
-10.1795	-20.3127
-10.0869	-14.071
-16.6424	-17.1997
-12.0178	-13.966
-14.5595	-4.08146
-18.8988	-6.01221
-19.473	0.86753
-17.6665	3.93925
-16.2897	3.36101
-18.2415	0.634074
-19.3081	3.94599
-17.9892	4.71041
-14.4992	5.3281
-17.4534	1.94969
-20.4724	0.00536025
-17.4088	2.77581
-18.6978	3.30254
-19.6096	2.88292
-23.381	7.02091
-22.5462	3.72632
-24.1939	2.45513
-20.2773	3.16635
-23.5813	5.44359
-22.1652	3.7546
-20.6128	6.94665
-23.1162	9.86404
-21.9756	0.779654
-22.9941	4.88912
-24.332	-0.642668
-19.6879	2.49682
-20.9662	6.30599
-20.675	-3.26129
-23.7855	7.27052
-23.3556	1.20811
-23.9254	-14.7307
-19.2159	-3.61703
-13.3015	-11.9556
-12.8407	-11.9674
-17.1351	-6.16156
-17.8059	-3.54829
-13.2196	3.72948
7.47443	-19.8998
8.88774	-18.5548
7.11381	-16.4937
9.48362	-19.0186
6.5642	-12.9388
6.66229	-14.8611
7.98374	-13.7043
8.99366	-9.10088
10.5381	-4.92058
9.70273	-9.03963
-0.983876	5.83528
-7.04309	4.6528
-14.9659	4.22467
-14.3715	3.75835
-12.7545	6.13337
-14.7128	1.63749
-15.6678	-11.2672
-10.3776	-11.7683
3.19454	-9.48755
0.0914857	-7.83724
-7.08411	-8.22574
-10.1474	-9.24681
-14.7062	-8.94681
-18.1064	-8.30782
-19.4563	-4.80672
-19.5469	-4.83741
-18.4435	-4.62002
-15.3335	-7.30722
-10.988	-8.19602
-6.793	-13.2772
-3.06055	-19.8461
-3.79836	-20.3727
-10.1704	-9.90976
-14.5908	-3.51444
-14.9031	-5.67854
-11.2491	-8.23361
-12.1077	-6.16644
-7.1022	-9.09772
-2.0975	-8.90984
-1.54135	-12.4839
-8.46271	-9.70678
-14.6833	-7.22946
-16.3551	-1.21814
-16.0215	0.302805
-21.4486	-2.59172
-23.0243	-7.17523
-24.4048	-8.88533
-24.7557	-10.31
-22.1416	-14.0395
-20.6091	-13.3992
-18.2671	-7.5897
-13.9169	-3.4125
-7.84641	-3.93008
-8.6014	-3.01707
-15.9451	-5.32787
-18.2983	-10.9682
-15.1328	-7.66455
-18.0178	-9.87441
-19.7365	-8.73663
-20.753	-4.96402
-19.9075	2.26878
-29.0961	-4.94849
-29.7944	-11.4198
-31.6721	-13.4416
-35.1797	-9.4191
-34.8308	-7.94113
-33.8792	-5.93052
-29.4331	-6.05404
-20.6346	-0.229756
-14.2952	-2.00222
-12.0648	3.17215
-11.1258	1.54928
-10.6914	0.77291
-15.1245	4.81717
-16.7978	6.37483
-17.947	6.40862
-16.679	6.13665
-19.7279	11.0358
-20.1217	12.2402
-20.2006	9.99292
-18.4759	3.20221
-21.0997	-1.13027
-17.6198	-1.07324
-14.1522	-2.05078
-11.4705	-4.65791
-8.96457	-4.86091
-10.9677	0.738043
-12.9474	-0.734239
-12.6743	0.913545
-11.1552	-1.94727
-11.2012	-1.66739
-7.76126	-4.74117
-3.72813	-3.73518
0.151956	-8.96121
3.04002	-7.10526
0.746506	-7.36324
-1.36574	-4.82109
-9.77675	-0.334324
-9.34009	-0.304665
-6.57457	6.04931
-4.90034	-2.60633
-21.8611	-6.74326
-24.242	-11.5743
-27.9852	-13.4634
-30.2141	-11.8246
-29.5337	-11.4877
-29.1023	-9.87882
-26.9944	-12.0308
-26.7778	-12.7265
-26.7995	-11.559
-28.9987	-10.673
-31.1755	-9.63509
-31.8677	-7.84805
-32.222	-8.82519
-34.1046	-7.98939
-36.5386	-4.50866
-35.3214	-3.65136
-27.424	-9.61773
-14.7331	-15.2789
-4.72565	-14.2725
0.0929481	-8.437
-4.69531	-10.7595
-9.38721	-17.5245
-11.627	-18.2115
-16.1061	-7.61797
-13.0282	-4.59858
-10.7722	-2.0949
-11.865	-3.50327
-20.3152	-4.72156
-23.4334	2.43119
-25.213	-9.74342
-29.618	-12.6845
-35.9846	-6.67535
-33.662	-8.16975
-29.3675	-4.43176
-23.0702	7.74297
-23.9866	9.30052
-23.236	8.43078
-21.8935	9.09608
-19.0562	11.2188
-16.6483	8.60123
-12.632	3.66243
-9.25647	1.21211
-8.51714	3.47994
-8.36679	5.95382
-11.4505	8.26623
-18.1536	3.67033
-18.3803	-3.26509
-22.8518	-7.12682
-20.7785	-12.8198
-15.9085	-7.90209
-14.978	3.40514
-16.1692	-5.35747
-7.02778	-1.98879
-16.6793	-5.87964
-16.5475	-6.88793
-20.0257	-7.3823
-21.5872	-3.96112
-22.2105	-1.97334
-22.5598	-1.22719
-20.4175	-0.614711
-19.4555	-1.91328
-19.9323	-0.764421
-20.0093	-0.158953
-19.3713	-0.730662
-20.2504	1.70826
-19.2481	6.25339
-13.4419	2.94464
-11.4221	1.12483
-14.9727	4.84945
-12.7454	2.56704
-14.8307	5.1011
-14.6549	4.26067
-12.6626	-0.37577
-5.49067	-6.86818
1.26858	-12.5786
1.91756	-14.5011
0.766885	-10.3694
0.514239	-9.62534
0.921192	-12.4047
2.24906	-10.1043
-1.73928	-4.68586
-3.76524	-4.11188
-3.3361	-5.91778
-3.28875	-9.351
-5.1135	-13.0232
-5.68101	-14.0615
-6.54108	-19.8802
-7.22062	-16.2506
-6.73602	-8.55517
-7.61898	-11.2579
-10.3094	-7.8299
-9.18836	-2.59506
-6.66077	-9.93966
-10.3398	-11.3423
-10.4205	-15.9729
-8.21513	-11.2437
-8.99189	-3.81565
-8.92737	-6.22328
-8.95996	0.599494
-13.2988	-4.21621
-17.4484	0.816006
-17.6413	-8.72534
-18.1745	-1.36828
-18.7717	-3.28333
-18.6367	4.11624
-19.2779	2.26667
-21.6296	0.784123
-15.5445	0.854774
-13.3064	0.728412
-19.0301	4.17841
-22.0986	2.88716
-18.285	-1.56478
-18.5258	2.40184
-17.8178	-2.61754
-21.4682	1.37952
-19.8314	3.53484
-21.612	0.408768
-24.3172	5.70985
-21.7654	5.96304
-20.792	6.48909
-16.5326	1.48102
-14.153	-4.58316
-13.5734	-5.1885
-12.5319	-10.2958
-12.3385	-5.02662
-12.287	-9.64016
-15.9493	-14.4809
-11.5366	-12.0999
-5.31446	-5.08792
0.661632	0.302738
-0.808326	0.848565
-2.88705	1.79684
-0.665298	0.583812
2.23249	1.58925
0.0322524	2.83204
4.9619	1.56646
3.56212	-1.29947
3.70602	-3.98679
-1.69983	-4.7555
-5.50214	-6.0851
-9.75989	-12.3628
-9.75987	-10.877
-11.0194	-12.7291
-15.9322	-14.943
-16.7586	-5.4629
-22.3548	-3.31253
-18.2175	-9.00609
-14.7277	2.49194
-22.325	-4.72435
-29.7756	-3.85588
-32.4255	-3.35402
-32.9263	-3.08829
-31.9386	-5.52176
-33.955	-5.90575
-32.573	-5.00651
-32.8178	-4.43385
-34.4839	-2.96072
-33.7329	-1.87798
-33.3462	-1.4844
-32.8896	-0.682002
-30.7168	0.405682
-30.1925	-1.95788
-26.4209	-1.49665
-23.3781	-3.13456
-20.664	-3.42828
-19.6606	-0.129117
-20.0452	-0.160419
-17.7509	-2.17452
-15.8347	-6.46943
-17.0263	-3.0601
-18.802	-4.63473
-16.455	-5.89428
-15.5861	-6.7197
-12.3176	-5.43044
-11.7804	-0.585429
-10.8826	4.1604
-14.6252	-15.9587
-10.8545	-12.7577
-0.859972	-11.6026
-6.05113	-14.8465
-6.77532	-20.8681
-8.59576	-16.5906
-10.8658	-17.2982
-8.17002	-13.384
-14.3132	-5.89427
-15.1988	-4.76001
-16.6535	-5.93581
-17.1783	-4.38763
-18.7887	1.85448
-21.2324	-2.60479
-17.6332	1.87577
-17.8705	3.13353
-19.117	8.82716
-19.4957	4.76787
-18.9079	3.1739
-23.4658	-2.11215
-16.9828	5.63819
-15.8779	6.1063
-18.87	-12.1452
-21.021	-12.3511
-19.9686	-11.6995
-19.6204	-12.3333
-19.0392	-11.1311
-20.7566	-5.0273
-18.2133	4.40788
-16.2087	3.32309
-16.413	4.86241
-16.9269	4.54698
-16.367	4.32146
-15.7636	4.58414
-15.0663	7.91961
-14.8791	8.47014
-17.0595	8.83608
-16.9099	11.372
-16.9339	8.01658
-19.425	10.6127
-19.0685	12.5254
-18.1689	9.47167
-23.0215	1.5356
-22.6654	-2.15847
-19.778	-3.08048
-18.6998	-3.60416
-18.0807	-5.36746
-18.0567	-5.04016
-17.2543	-5.75128
-17.4416	-6.14352
-18.0243	-5.7429
-18.5814	-5.94095
-19.7119	-6.30873
-21.4304	-5.61797
-22.2791	-4.54896
-24.7028	-2.18326
-20.2429	-4.88318
-17.6849	-8.35323
-14.6214	-6.46234
-12.0661	-4.8357
-9.19943	-1.86592
-12.5584	-8.72029
-12.6374	-12.4199
-7.4379	-3.1174
-13.5194	-11.3464
-11.7946	-3.64138
-13.8828	-9.00804
-18.4449	-11.9375
-16.904	-10.2732
-15.5565	-7.60368
-11.4904	-10.5762
-14.2153	-13.7749
-21.1566	1.11709
-20.7615	5.9526
-20.7236	-1.33183
-20.5555	1.54282
-17.7963	0.407135
-19.9904	-1.18509
-18.9308	-0.199698
-23.338	1.08452
-19.3824	4.6804
-12.2214	1.63504
-8.03399	4.62872
-10.9861	8.54758
-6.23727	8.18177
-3.91412	-2.10336
-14.4238	-0.0819373
-18.3914	-2.0019
-16.9289	-9.87194
-13.8008	-13.8494
-15.7128	-13.8301
-19.1871	-10.0846
-16.0494	-9.96632
-15.178	-13.9733
-15.0583	-15.6085
-12.1166	-19.7477
-13.3616	-17.2257
-12.7497	-14.9889
-13.2007	-7.51746
-8.77386	-3.54521
-5.66517	-2.3042
-3.61365	-4.14422
-0.329578	-4.22353
-0.47038	-0.683801
1.01174	4.30471
-3.78266	3.01431
-6.95795	2.36928
-9.20876	0.985657
-4.35596	3.88642
-6.57042	6.10223
-7.97532	5.64125
-9.91134	3.61593
-6.61748	5.1662
-7.39855	1.88778
-9.84781	2.27336
-16.1386	-3.50112
-13.9489	-6.40621
-2.91572	-1.88952
4.06148	-2.60126
3.86914	-3.55909
4.26875	-5.17194
6.67571	-7.18288
6.43992	-6.97901
6.14562	-5.18004
6.5575	-5.31498
6.82146	-6.88587
7.31964	-6.72805
5.5732	-7.14946
4.15574	-5.92091
0.519526	-6.41612
-2.62367	-7.3593
-6.08228	-7.4457
-9.61634	-6.61763
-14.5225	-6.5164
-16.0261	-6.92928
-19.7601	-6.01942
-21.9447	-5.72312
-25.7605	-2.41297
-22.5587	-7.56186
-23.8468	-4.48882
-23.62	-3.32592
-24.4008	1.3349
-21.8821	-0.844769
-16.371	1.43265
-16.2658	4.33968
-11.8323	-5.50524
-15.188	-7.39468
-14.3647	-6.89236
-18.0273	-2.62158
-15.1141	-2.04652
-14.621	-3.62442
-13.8395	-7.35523
-12.0817	-3.41661
-12.6103	-6.22177
-15.5238	-9.26815
-13.2042	-11.5804
-13.1126	-15.0387
-10.0599	-6.81398
-12.861	-5.73333
-13.3616	-6.36234
-15.2606	-2.44689
-19.2889	-3.38731
-18.4588	-2.29513
-16.331	-0.0113976
-19.2208	0.945136
-20.4244	3.20864
-18.6419	0.338308
-20.887	-1.50506
-17.8343	-0.262159
-18.1552	1.52919
-18.7626	2.37417
-18.9996	8.85996
-19.1546	4.48373
-13.9385	0.354173
-17.7092	-0.467803
-18.3428	-1.57061
-13.6269	-1.13125
-16.3436	-6.47809
-16.0395	-0.769773
-7.45144	2.45954
-12.5002	-1.78776
-15.1548	-2.13484
-12.5356	-4.81467
-11.5259	-4.14154
-10.1699	-4.49015
-8.56771	-5.88859
-8.45831	-7.59374
-8.48923	-10.1643
-10.1973	-12.2129
-12.2116	-12.1037
-14.8028	-11.4361
-16.1033	-10.3903
-18.7218	-8.21186
-19.8503	-5.86429
-21.9489	-4.60442
-22.5618	-5.1885
-23.1928	-4.20465
-24.0819	-2.6722
-22.1601	-5.8305
-22.1881	-4.46046
-20.896	-5.91289
-19.9517	-6.66285
-18.4237	-7.04978
-17.8664	-4.87078
-21.4587	-3.25133
-26.552	-1.33987
-28.7857	-1.71942
-30.3806	-1.55589
-27.0383	-1.61571
-29.244	-2.36257
-31.8484	-3.57952
-31.1819	-3.35121
-32.205	-3.96878
-31.5968	-3.95856
-31.9235	-4.19122
-33.3173	-2.47026
-33.3469	-0.789761
-23.8719	5.25484
-18.9987	0.187012
-17.4843	-2.98439
-15.5575	-3.21299
-13.0428	-5.89506
-11.3375	-5.71135
-10.8823	1.50541
-6.90826	-2.76161
-15.0069	-10.8693
-10.3854	-6.70258
-12.429	-9.64333
-12.8707	-10.5162
-10.1709	-12.0447
-14.8917	-11.1246
-16.7318	-13.1571
-20.069	1.5073
-19.4405	1.99677
-21.7625	-4.7894
-32.1051	-9.31853
-34.2002	-10.6595
-32.941	-9.77941
-34.9556	-10.7531
-33.6575	-10.2521
-33.5148	-12.5554
-32.4769	-12.3075
-31.8631	-14.2527
-30.6654	-15.8951
-27.8121	-13.5412
-22.6109	-7.00069
-19.5465	1.0866
-22.1012	-1.62476
-26.0545	-6.77465
-25.6661	-9.31897
-22.7342	-7.89357
-15.0114	-3.51828
-26.284	-15.0612
-29.746	-17.5524
-31.5492	-15.5225
-35.0418	-14.5696
-32.4147	-15.5736
-33.114	-14.2508
-33.5732	-12.6278
-26.854	-7.36905
-18.4506	-0.669137
-14.8335	-2.30923
-16.2104	-2.95404
-15.4418	-0.516478
-8.02827	-8.16985
-6.30925	-2.61517
-0.336406	-7.25754
4.21143	-10.9631
-0.530598	-10.9373
-2.63917	-11.308
-8.6612	-6.02217
-16.0753	-3.79671
-19.5488	-5.46486
-19.9974	-7.58038
-20.1953	-9.66033
-21.3683	-5.49562
-22.8756	1.06985
-18.6533	3.43823
-21.4551	-1.05413
-24.0573	-2.50469
-26.6492	-5.90821
-27.8765	-10.0502
-28.6574	-11.3853
-33.6292	-7.98625
-32.2497	-9.60981
-32.5119	-8.51073
-27.9402	-6.89055
-13.899	2.26235
-13.2859	2.38597
-12.903	1.34588
-11.1543	2.45771
-5.77709	-2.50197
-6.03232	-1.46928
-10.2658	1.95053
-13.2602	4.06813
-17.013	-8.21023
-22.7674	-12.9241
-23.8467	-10.3128
-20.3811	-3.87982
-18.6416	-12.4334
-23.067	-13.9627
-25.3759	-15.1559
-24.8643	-15.6391
-24.2483	-15.8874
-21.6827	-15.5063
-15.5054	-9.5348
-7.51395	5.19843
-14.2491	4.24319
-17.4454	2.24533
-21.5815	-3.97421
-20.6754	-7.81282
-26.4379	-8.84258
-20.3293	-4.51228
-15.3729	-2.85784
-25.0882	-14.6937
-31.4119	-15.3989
-32.7054	-13.8488
-32.3089	-15.5
-29.9414	-14.7613
-29.8354	-10.5975
-28.2024	-9.00175
-27.1544	-8.95498
-26.053	-7.34695
-24.799	-3.21979
-21.9235	-3.72907
-19.4385	1.17329
-18.022	1.93079
-14.3752	0.580903
-12.2091	3.94591
-7.86321	2.09769
-8.80058	3.55504
-6.04965	-4.92776
-5.20548	-14.4842
-1.1052	-3.28693
-3.62322	-1.29055
-5.54869	-1.38231
4.25246	-5.30019
5.85189	-4.51716
6.93898	-2.95544
4.83842	-2.80825
5.69203	-5.89985
4.51843	-4.70282
4.90932	-5.78168
2.79452	-4.51552
1.29432	-4.32779
-0.218733	-5.22147
-3.69994	-7.73637
-9.63097	-5.65908
-7.63411	-6.47439
-13.7236	-5.36413
-20.2971	-7.43067
-24.2522	-4.276
-24.6035	-3.84988
-25.8664	-1.39201
-26.9237	-1.72444
-28.3508	-2.29909
-30.9804	-3.47615
-26.9951	2.61956
-26.4263	-0.809286
-29.0388	-2.19051
-26.4086	-7.04152
-31.1885	-2.50757
-28.3211	-4.17655
-23.5842	0.575997
-23.8621	1.19949
-20.0263	4.04841
-22.0443	1.34025
-21.8793	5.38662
-23.4459	1.23266
-21.8516	-1.54332
-19.5909	-1.66659
-21.7011	5.07616
-20.5019	3.17725
-23.1337	-0.0195061
-19.0497	0.615438
-15.5932	5.15639
-19.5652	5.06737
-21.4768	-0.516363
-23.0551	0.903418
-17.5111	4.75041
-17.4043	-6.32723
-17.408	-0.444366
-19.9348	1.41612
-20.1337	3.68403
-17.7645	0.7814
-21.2572	4.37053
-18.4486	0.836968
-13.3586	-3.99141
-12.3117	-10.8412
-20.4911	-7.93894
-21.3556	-5.29281
-24.0295	-2.84831
-17.8317	-10.3211
-27.9562	-12.3113
-34.2299	-9.06434
-33.1563	-11.8381
-32.319	-12.9799
-32.0531	-13.7663
-31.2391	-12.622
-25.3289	-12.7531
-18.6256	-9.00851
-4.86386	-9.75182
-8.09445	-6.05455
-11.7958	-19.3565
-12.1845	-13.1367
-16.8169	-14.3297
-19.2645	-14.3993
-17.3522	-12.9662
-16.3621	-10.1204
-20.8801	-11.3739
-26.7373	-12.1098
-29.9998	-13.8378
-30.8929	-15.2744
-33.0561	-11.2727
-36.5511	-8.46056
-35.1477	-5.2979
-27.7679	-7.24384
-24.9275	-8.21168
-23.3531	-10.7795
-24.5878	-12.8193
-24.1777	-13.9201
-21.8424	-14.2802
-11.9175	0.975629
-12.1076	-2.16356
-16.3922	-3.84781
-18.8566	-1.39565
-16.3935	-4.35014
-9.92316	-0.41062
-19.2971	-0.997447
-25.5485	-7.10652
-28.1322	-10.053
-29.5839	-9.57171
-27.8831	-8.73947
-27.9903	-5.87759
-27.6115	-5.79351
-30.0556	-3.41261
-31.182	-5.31458
-31.7265	-7.08006
-28.9752	-11.0346
-33.1779	-7.70845
-35.0925	-7.94676
-35.4935	-8.48061
-35.7328	-8.07855
-38.9344	-2.57252
-32.753	-5.53397
-30.1703	-6.34467
-27.2827	-6.18896
-22.5951	-5.0944
-12.6419	-8.77348
-3.3731	-8.03173
-5.10791	-1.85405
-5.86875	-7.88361
-8.33671	-6.79174
-15.7229	-6.61792
-19.0425	-5.90103
-16.2044	-5.21293
-12.5535	1.77202
-15.7047	-8.33435
-20.1968	-12.0647
-18.0285	-15.3801
-19.7827	-14.5348
-24.2861	-9.14089
-23.8491	-4.71686
-15.9893	-9.53612
-9.42204	-8.69731
-11.9186	-12.358
-8.75741	-11.0989
-9.68693	1.90323
-16.5351	3.75697
-13.5233	3.042
-11.4958	3.06025
-18.4897	0.122165
-22.1008	3.20185
-21.3202	-1.55068
-25.6589	-13.5845
-20.0849	-0.531266
-16.5072	-5.50736
-24.2736	-1.82937
-23.6447	-4.18382
-23.7943	-3.02605
-23.2457	-3.17053
-21.7109	-1.73176
-18.0407	-1.69403
-14.084	-2.82921
-8.95423	0.430626
-5.75121	0.512572
-3.83392	8.51208
-3.27982	6.29257
-11.4811	-1.95903
-17.2711	-5.52051
-17.6683	-4.14369
-8.67299	-7.766
-9.25035	-6.59141
-4.54754	-5.19798
-10.5078	-8.63761
-17.4352	-2.98191
-19.5231	-10.4143
-20.1299	-10.9607
-22.9217	-13.051
-26.5427	-10.8595
-28.7599	-11.5294
-29.0398	-12.5962
-30.3343	-13.1276
-27.0233	-13.2122
-24.7898	-13.3888
-13.9113	-1.87046
-10.6246	5.97401
-13.7022	-2.20716
-21.3219	-3.94185
-21.6995	-4.44427
-18.9577	-7.65524
-27.3987	-8.07668
-26.8238	-7.8982
-12.4944	-1.94106
-14.731	-6.7529
-21.9454	4.53221
-21.0666	12.8838
-8.70695	2.61733
-20.6128	8.9756
-22.8901	0.215137
-24.2879	-2.38263
-21.5962	-4.76755
-23.1712	-1.41759
-22.3921	-1.48083
-21.604	0.569981
-23.7826	2.72578
-22.3416	2.89039
-22.4093	4.6081
-22.515	3.38455
-23.5635	5.63186
-18.5466	8.35994
-18.0022	8.59677
-17.5069	4.31438
-16.6351	4.58251
-19.2756	4.44673
-20.08	3.97421
-16.4187	4.18684
-8.13074	-0.570017
-1.95593	-8.43926
-0.790219	-10.0976
-1.0984	-12.1806
-0.986612	-17.107
-2.36618	-10.4023
0.534882	-10.1705
1.17514	-7.19072
-0.0822652	-6.78932
-3.40247	-2.43866
-3.86202	3.93069
-4.79577	-3.9267
-4.27929	-4.21491
-7.50127	-12.976
-7.4992	-12.7987
-7.23128	-11.9543
-7.74678	-17.8147
-5.71753	-21.6658
-8.48625	-11.5405
-9.82214	-12.6386
-11.2259	-14.0115
-12.4542	-16.1363
-9.17291	-11.9441
-6.38125	-9.17455
-6.15902	-9.6906
-10.4939	-12.9843
-12.8195	-11.6618
-13.4704	-10.4869
-12.865	-7.8141
-13.1152	-7.93072
-19.1444	-5.63182
-21.0227	-2.24368
-16.1646	0.275604
-20.4198	3.26974
-21.2134	-4.71228
-21.1198	-0.15176
-20.654	1.23129
-21.2203	5.33091
-22.6175	-6.29373
-31.081	-4.05195
-30.7034	0.0908365
-26.4468	4.49843
-19.6979	4.58687
-18.5406	6.5138
-17.2954	6.53582
-15.0392	3.05083
-13.258	-0.512036
-12.2175	-3.8175
-11.3961	-2.41194
-24.5045	0.576512
-18.5558	-0.640496
-34.012	-9.55114
-25.6313	-15.6558
-23.7063	-18.1419
-32.1797	-13.0931
-35.2044	-9.48598
-35.3619	-8.78247
-33.9461	-12.8343
-36.5685	-7.98195
-33.5364	-8.70709
-31.0493	-8.75387
-29.3352	-5.12042
-21.9038	0.0246294
-15.9914	7.25654
-15.8168	8.03553
-14.686	6.42757
-16.3996	7.16864
-23.6835	-0.702286
-27.8522	-5.78129
-28.9133	-12.347
-30.4258	-11.7283
-28.6053	-14.6618
-28.2718	-16.7484
-26.2039	-18.2259
-25.0799	-20.8701
-24.3899	-23.4648
-23.2909	-25.2603
-21.5339	-25.5794
-21.1019	-25.7582
-20.8983	-26.1762
-20.0811	-25.8801
-21.3073	-24.9519
-21.7048	-21.8083
-20.3326	-20.8724
-21.4451	-17.8878
-22.279	-19.1932
-24.082	-18.5539
-26.4689	-18.8849
-27.7156	-19.4424
-30.9624	-19.4884
-31.752	-16.9165
-34.1471	-16.4913
-33.8149	-14.0617
-33.3158	-13.0401
-32.4302	-12.4265
-32.5868	-5.41646
-19.8761	2.29893
-18.2732	5.42234
-15.4142	7.34158
-15.74	5.84534
-14.147	4.39793
-14.4571	3.43984
-11.422	1.75834
-10.7201	1.29716
-8.52401	-0.486539
-8.27544	-0.187086
-9.85639	4.8052
-18.3051	0.874475
-18.0261	-6.28881
-25.654	-4.01351
-25.2784	-11.4637
-10.3767	-14.0652
2.12217	-9.09119
2.98179	-15.815
-19.1431	-13.4284
-28.941	-9.87731
-31.9615	-9.30935
-31.8216	-10.7355
-35.5378	-8.56627
-36.465	-5.7968
-34.8756	-7.18463
-31.5259	-3.85082
-22.448	5.07653
-20.5426	6.0359
-20.1616	8.89626
-20.6976	9.1808
-28.417	5.5786
-34.643	-7.52127
-37.7119	-1.26199
-36.4565	0.621344
-31.268	-2.55061
-27.0062	-3.15397
-22.404	-1.55687
-15.6972	-2.06134
-13.4133	-2.52307
-14.2424	-1.0276
-11.8721	3.6271
-14.3421	3.61548
-21.4147	-0.297812
-23.4891	-3.79031
-11.8824	0.872349
-12.4183	0.338373
-17.1804	-3.05282
-21.3682	-4.13906
-23.518	3.39419
-23.1559	7.44502
-12.2106	5.37089
-8.41541	3.12755
-9.93437	6.33042
-8.27188	7.81624
-8.14073	2.65936
-5.4364	1.17443
-7.81964	-1.60308
-5.71511	0.799084
-6.56878	3.65744
-2.30603	-0.221731
-1.49097	3.30598
-7.18906	-6.26946
-9.45399	-11.9068
7.82908	-7.14185
7.56907	-5.06745
2.16421	4.92149
-11.4982	2.90074
-18.9371	3.10189
-23.6192	0.804793
-26.0527	-1.97024
-21.2169	-10.2594
-22.1532	-13.5613
-18.6799	-10.6746
-24.8436	-17.0559
-21.0312	-9.9296
-22.1039	-16.9487
-18.0957	-15.6482
-24.3074	-18.4352
-18.791	-13.0226
-15.7469	-9.8901
-14.1316	-5.22624
-13.0004	0.0798418
-13.9043	0.431259
-17.2571	-5.50098
-21.1948	-3.1876
-19.2996	-1.35074
-19.1229	0.464531
-21.1166	2.82815
-22.1939	3.29376
-21.0511	1.49635
-22.5797	-0.84325
-32.2234	-14.3054
-30.4547	-10.8474
-24.7536	-10.1129
-23.0615	-6.56528
-21.0939	-6.75878
-21.0679	-0.545585
-21.7582	1.5063
-22.0967	0.878072
-22.1429	2.11018
-22.124	2.43908
-23.1271	0.561017
-20.3317	-3.07137
-19.0183	4.86826
-14.5477	4.44588
-22.2982	2.50012
-21.9493	-0.938808
-18.7451	4.47331
-20.2456	3.79991
-18.8491	3.92319
-17.8491	4.44176
-21.2965	5.44342
-19.6486	0.266967
-20.4503	1.33036
-16.3941	-1.37942
-14.7626	2.08069
-19.1853	-3.28661
-22.5496	-1.91205
-31.1427	-0.527343
-33.9195	-1.17078
-35.1867	-3.48754
-35.8153	-6.09061
-34.0065	-10.1857
-32.7817	-12.3132
-30.8533	-14.8605
-27.5038	-18.868
-25.674	-21.2305
-22.4943	-21.7188
-20.5862	-18.3964
-17.1618	-19.8659
-16.4661	-17.0708
-15.9503	-17.3121
-15.3004	-13.4736
-12.6552	-12.7088
-11.0908	-11.0208
-11.2446	-10.6955
-11.5737	-6.70046
-11.489	-3.77106
-11.6586	-0.763939
-10.4649	0.322811
-7.40296	-1.20224
-4.13059	-3.77789
-1.80749	-5.29816
-1.24362	-7.04465
-1.22177	-7.64234
-3.62363	-7.48692
-5.81826	-5.87727
-9.57187	-3.58536
-14.5044	-0.673833
-19.2915	4.01884
-22.2267	7.9137
-19.1368	7.94828
-18.0819	4.92052
-16.316	-0.554383
-21.2834	-0.490123
-14.2563	0.867151
-14.2101	0.309341
-11.9061	-4.45553
-13.2146	-1.12785
-16.6647	2.2696
-17.4487	1.28854
-23.9231	-1.95586
-32.6301	-6.84994
-32.6003	-6.7641
-32.5447	-7.68932
-33.0989	-7.64479
-31.1686	-8.27616
-31.626	-8.4343
-29.0967	-9.11079
-27.743	-8.67942
-27.2159	-9.60325
-26.0047	-11.1272
-23.4308	-12.2541
-18.1623	-14.6968
-11.2454	-11.7816
-6.84464	-6.34153
0.740736	-7.58475
-2.87759	-11.9029
-5.44061	-18.3383
-0.778876	-14.6904
-5.1325	-14.3637
-13.5124	-13.6917
-13.7184	-13.9309
-8.15127	-9.55656
-16.6143	-10.0684
-17.8524	-5.8154
-16.36	-7.12343
-20.7736	-4.84775
-17.4242	-2.18605
-17.7881	0.966498
-17.0896	2.23189
-15.1241	1.07561
-15.834	2.33568
-15.8729	3.14356
-12.6886	4.68284
-9.81378	-0.926411
-6.30068	4.67688
-11.2756	2.4985
-14.9334	1.21756
-17.6424	-3.01387
-10.2717	2.71987
-30.4487	-10.3081
-26.916	-21.1229
-28.2526	-20.6911
-27.27	-19.8014
-25.2952	-17.7754
-18.221	-15.5149
-10.9443	-16.3902
-7.26745	-12.2452
-9.19031	-13.5131
-15.0002	-15.575
-19.7535	-16.7196
-19.0037	-10.6668
-17.5126	-2.83804
-17.5216	3.95635
-18.7897	1.96045
-24.2707	-5.963
-31.6736	-5.25903
-30.5744	-9.3792
-29.7991	-4.94753
-23.6745	-2.86251
-17.7083	4.02547
-11.7558	6.71455
-12.7096	3.96909
-12.8525	3.39
-15.0894	-1.1594
-22.9198	-0.940993
-21.7131	0.995136
-21.9761	-8.51559
-24.2703	-8.04145
-18.9676	7.58815
-16.5972	-1.7431
-18.788	-3.14298
-22.2344	-0.410439
-21.8211	-2.81361
-21.0575	1.7642
-18.3567	6.91177
-19.2213	6.81462
-18.6939	2.27849
-18.6345	0.702831
-17.8404	1.42583
-17.7282	1.80657
-16.771	-0.287686
-15.9362	-0.804473
-11.2255	-7.13916
-6.13371	-10.3864
-1.03457	-10.29
-2.05688	-5.69926
-6.95341	-10.5612
-3.43745	1.24498
-8.14357	-4.80207
-13.5615	-2.15483
-15.0438	-2.30394
-11.1016	4.81348
-5.74929	-4.14474
-17.0429	-3.71943
-20.4809	-5.03736
-25.5056	-5.74573
-27.0582	-8.05405
-27.5636	-9.40982
-28.3693	-12.1129
-28.7413	-14.033
-25.5149	-15.2846
-23.8111	-13.4687
-12.6997	-12.6234
-4.89414	-4.48122
-7.55345	-1.30056
-7.01018	-2.74475
-6.61566	-11.7349
-6.08044	-12.262
-6.11476	-7.40117
-5.71157	-17.376
-4.3749	-6.23676
-9.72994	-4.76837
-9.87886	-5.65918
-15.7817	5.08261
-14.4571	8.58594
-13.1094	-7.24012
-12.9888	-6.88987
-11.1849	-8.14951
-13.3199	-7.5039
-14.1963	-8.49162
-17.6762	-5.04254
-19.1232	-1.90083
-22.8231	5.24149
-22.7672	4.26823
-26.9476	4.26377
-28.6761	3.44749
-30.6525	1.76174
-29.4093	-1.72104
-30.3328	-3.09577
-31.0858	-4.79703
-32.1842	-5.78396
-34.053	-5.45728
-35.2136	-4.99625
-35.2423	-6.72596
-33.8351	-7.92925
-35.9637	-6.6538
-29.477	-10.3408
-25.9798	-10.511
-19.1249	-9.28623
-18.012	-12.2049
-13.9994	-8.33881
-12.3665	-7.81644
-16.4839	-10.7559
-16.406	-12.0498
-17.5403	-3.93481
-14.862	-2.79919
-12.3218	-4.80441
-11.4247	2.73165
-14.5647	3.24243
-16.8054	4.49198
-12.7302	8.12651
-17.7982	3.77303
-22.6302	9.14683
-20.1849	10.0322
-14.3773	-6.14889
-16.0136	-11.3328
-20.7135	-12.1226
-19.8696	-15.7354
-21.4281	-12.5147
-22.5998	-10.1056
-20.4212	-6.74291
-15.4581	6.07607
-15.7097	7.53007
-15.0378	6.7103
-10.2398	4.44511
-16.193	1.74528
-28.2444	-4.61524
-33.6992	-6.56721
-35.4001	-7.20396
-36.4659	-8.03181
-32.7941	-10.9446
-25.3215	-11.6331
-28.3673	-4.01628
-27.345	-1.27306
-20.9567	-1.31033
-16.1627	-0.715941
-14.64	-0.513966
-13.6161	4.90783
-15.5863	3.46937
-17.3873	-2.25034
-18.8087	1.08638
-19.8537	-2.73719
-20.2177	-14.1135
-20.5305	-17.551
-25.1611	-15.8262
-28.4322	-14.9245
-28.5734	-17.3129
-26.3654	-17.958
-22.1732	-17.5443
-16.6245	-11.9282
-2.77099	-14.0333
-0.754979	-9.87302
-3.0681	-11.0155
-9.95649	-10.6329
-8.50329	-7.88767
-6.8267	-5.95372
-13.0354	-9.77564
-15.7154	-10.4838
-17.1518	-12.8994
-13.7926	-10.0494
-11.3845	-1.32799
-9.74636	-2.46166
-9.17076	0.58083
-9.31665	1.99563
-19.5407	-6.98834
-23.5387	-14.9079
-28.5057	-15.059
-29.4909	-16.0969
-30.705	-15.0525
-30.5603	-13.6435
-30.1378	-9.78148
-24.4493	-6.36384
-24.5057	-8.48678
-29.0236	-5.83721
-29.2558	-7.60715
-19.6447	-4.70075
-14.1122	0.570113
-13.4896	-1.15281
-12.2955	2.67727
-13.9443	2.9248
-18.1017	2.23395
-15.8319	1.0983
-14.3174	3.82055
-9.16878	1.75686
-12.2009	-6.72329
-19.3833	-13.6554
-20.0963	-19.2491
-21.9944	-11.6084
-20.4816	-7.51929
-13.4167	-7.30088
-8.3047	1.75254
-9.96459	6.31223
-8.62961	4.72626
-17.8106	-2.18226
-22.1243	-6.939
-18.3927	-7.15723
-16.1201	-2.34721
-12.5419	1.27005
-24.4893	0.707918
-26.1781	1.73751
-23.7945	0.176038
-25.5642	1.33776
-23.5235	0.427663
-23.3674	2.05187
-22.2853	2.78545
-20.1186	5.02775
-15.3982	2.69164
-12.4248	0.110909
-12.6488	1.86334
-11.1303	0.445199
-6.90155	0.0379911
-5.5492	-0.0831264
-11.8173	-1.8365
-10.1735	-3.98155
-11.5295	-7.69765
-17.7003	-10.3677
-15.1801	-6.40402
-9.60041	-4.62612
-16.9701	-11.8351
-18.6499	-13.8486
-21.0968	-14.5826
-23.2048	-14.4518
-29.1545	-10.7274
-30.5379	-8.95659
-32.3478	-7.12865
-30.7586	-10.5095
-30.4687	-12.2311
-32.0422	-11.9377
-31.3514	-11.4728
-29.1364	-8.89175
-25.5199	-8.19566
-21.634	-6.38255
-15.6526	-7.8644
-8.35868	-10.7152
-4.5322	-13.4883
-5.87225	-12.1982
-15.535	3.93079
-15.8094	4.14783
-13.1415	1.29677
-13.2474	1.82872
-9.55873	2.44914
-3.81439	3.67883
-7.77473	0.461707
-12.1569	5.66985
-13.9187	-0.335023
-21.0378	-11.0758
-23.3798	-5.51021
-21.9838	-3.28077
-26.8584	-5.20324
-28.706	-10.5352
-29.8015	-10.8358
-31.4309	-7.55004
-32.7846	-4.53014
-30.4955	-3.00957
-20.6128	-5.35309
-24.2597	-2.49995
-28.579	0.339059
-29.92	-2.55586
-27.4372	-5.49997
-23.0947	-5.6921
-22.6077	-6.50991
-22.1849	-6.72311
-23.8952	-8.07203
-23.3111	-11.4491
-25.3457	-12.7357
-29.2262	-12.5612
-31.2299	-12.7981
-31.7006	-11.2959
-31.4535	-10.4548
-31.4814	-6.02258
-29.8448	-3.49547
-30.6987	0.897066
-23.6573	5.74194
-16.3615	6.35066
-17.3688	5.7572
-15.9534	4.86672
-15.4166	1.95498
-8.0551	-9.25482
-5.63859	-14.0554
-0.44342	-18.7642
-0.437206	-18.8691
0.915667	-19.876
1.25447	-19.0571
-0.654956	-18.3311
-4.34793	-14.8999
-11.3184	-11.2197
-16.699	-7.37632
-23.9723	-5.85878
-29.0112	-5.54347
-31.7162	-7.69634
-35.2026	-7.09323
-35.2498	-4.39791
-29.5307	-3.87074
-28.5852	-4.90019
-22.5162	-11.4961
-27.3652	-6.20429
-27.0987	-9.78711
-29.5388	-13.0456
-30.183	-14.5255
-30.6854	-14.5374
-28.7938	-17.2976
-26.5983	-18.2351
-23.447	-18.5069
-21.3991	-16.8507
-20.5443	-11.64
-18.9311	-7.22846
-20.0408	-3.58224
-21.7324	0.41925
-15.7817	6.00085
-14.3358	6.50202
-12.1525	4.59407
-11.6548	5.36043
-12.0489	5.41899
-9.69166	3.55871
-5.26769	-6.29274
-0.612843	-12.5723
1.82337	-14.1212
2.32522	-11.1847
1.21648	-9.46198
-1.72759	-7.47427
-6.30211	-5.30327
-10.5532	-3.9761
-13.8508	-1.94195
-17.2328	-1.51569
-18.7135	-3.62411
-14.4861	-9.31163
-4.48084	-5.08501
-1.95684	-1.33857
-6.46916	-8.227
-3.80233	-9.423
-7.97274	-10.0456
-10.851	-8.69853
-16.1462	-12.0015
-15.3094	-11.4267
-12.7886	-6.38937
-16.8434	-2.24825
-18.7151	-3.95142
-19.3624	-2.93746
-19.955	2.00068
-14.797	-1.33585
-14.705	-10.5911
-10.5461	-16.1314
-10.8414	-13.4376
-12.6329	-8.99752
-15.9717	0.250542
-12.291	-0.816137
-11.4539	2.29246
-8.00818	5.01445
-7.21728	7.73749
-2.96709	6.22124
0.365801	1.92365
-0.0458764	0.0628793
-1.05942	-1.4727
-2.93637	-3.22776
-6.93123	-2.84077
-11.6334	-0.712607
-15.116	-0.683914
-16.8663	-1.17981
-17.098	-2.92459
-13.8246	-5.47009
-15.4104	-3.32758
-11.8008	0.852905
-6.60693	2.09036
-7.64779	-0.973799
-17.398	-1.78147
-14.2297	-3.52173
-17.8743	-4.24611
-20.145	-10.3628
-7.6233	3.63521
-10.0733	1.34333
-0.83629	1.27237
-4.68766	-6.74439
0.641426	-10.3529
-0.724539	-3.15552
0.790484	0.456391
-5.86344	5.9267
-21.5937	0.642328
-10.1738	1.94187
-15.2089	9.5772
-14.7164	5.66068
-19.1162	-2.14043
-20.8573	-3.76863
-20.536	-0.0729159
-20.9879	3.09749
-22.6161	3.19336
-27.5579	-1.86881
-26.0829	4.50334
-21.0356	1.93683
-25.2213	-2.88416
-27.8882	-4.87891
-24.8382	-2.93251
-28.924	-1.64411
-28.1482	-4.77766
-33.0841	-2.48778
-29.1826	0.178221
-29.7975	-2.5627
-25.5065	-5.74082
-24.3377	-3.34035
-23.4366	-0.716521
-24.6526	3.6901
-18.4725	-1.10186
-21.1818	-1.74317
-21.4437	4.01628
-23.2078	3.0067
-18.2441	2.70029
